263.905945 193.015778 
269.817719 178.023727 
275.836578 162.759048 
281.923889 147.031342 
288.059235 131.140747 
294.050537 115.031715 
280.067474 196.956009 
286.069733 181.994186 
292.062775 166.820145 
298.291992 151.105560 
304.734985 135.291229 
310.865692 119.704308 
296.184814 200.420639 
302.337341 185.938690 
308.599091 170.805893 
314.837036 155.152771 
321.031952 139.816818 
327.315369 123.952110 
312.205109 204.636337 
318.172546 189.894745 
324.808777 174.326889 
331.062897 159.138824 
337.231720 143.851593 
343.872131 128.083221 
328.077911 207.973618 
334.264130 193.149323 
340.779846 178.647064 
347.016144 163.108032 
353.292938 147.952042 
360.014618 132.233337 
343.718658 211.262177 
350.028595 196.983658 
356.661926 182.140396 
362.910309 167.036438 
369.036621 151.897614 
375.819733 136.704605 
358.995361 214.950699 
365.227661 200.713486 
371.918335 185.960007 
378.192230 170.986893 
384.869476 155.965515 
391.337158 140.774002 
374.071655 218.036789 
380.886810 204.050598 
387.100098 189.769791 
393.801056 174.917953 
400.167572 159.855957 
406.833710 144.627960 
389.131226 221.842712 
395.917633 207.312836 
402.201965 193.094498 
408.972290 178.139969 
415.293945 163.250717 
421.905273 148.029709 
213.021774 174.924301 
216.897263 159.942154 
220.357666 144.869141 
224.228439 129.100159 
228.288147 113.815865 
232.309158 97.985237 
228.910019 176.882324 
232.793762 161.904190 
236.864822 146.781311 
240.626221 131.604294 
244.727661 115.950157 
248.367767 100.215218 
244.400269 178.395813 
248.303085 163.693008 
252.338333 148.435272 
256.661804 133.213089 
260.296417 118.080124 
264.984985 102.785965 
260.019501 180.084137 
264.013458 165.226929 
268.016846 150.263168 
272.120972 135.279922 
276.300995 120.058258 
280.675812 104.987259 
275.366516 182.134048 
279.199493 167.092270 
283.461243 152.406677 
287.741852 137.309708 
291.965515 122.277206 
296.195953 107.103798 
290.903198 184.056366 
294.917480 169.186050 
298.801453 154.246613 
303.075073 139.317200 
307.639374 124.376190 
311.932068 109.700943 
306.123596 186.180832 
309.900177 171.170990 
314.015289 156.301712 
318.095490 141.344681 
323.004089 126.962013 
327.290283 111.908821 
321.646606 188.265320 
325.609192 173.751465 
329.376709 158.571091 
333.655396 143.700546 
338.084473 129.052826 
342.795929 114.230049 
336.929962 191.046982 
340.761475 176.009674 
344.683533 161.017288 
348.725830 145.949768 
353.064117 130.973694 
357.125580 115.936966 
230.230850 159.865692 
236.993698 145.800354 
243.233841 130.970779 
249.962799 116.143669 
256.189178 101.043770 
263.001862 85.880829 
245.945267 163.996399 
252.231689 149.413376 
258.959076 135.035126 
265.750702 120.675140 
272.033356 105.793861 
278.753571 90.613586 
261.117096 167.915268 
267.873657 153.246475 
274.109589 139.214233 
280.939667 124.940048 
287.205688 110.019623 
294.059662 94.908813 
276.074524 171.844986 
282.800415 157.829468 
289.160339 143.777252 
296.006287 129.012161 
302.846619 114.220261 
309.208710 99.777420 
290.922180 175.248352 
297.244781 161.791946 
304.095123 147.298920 
310.953308 133.176056 
317.778198 118.925537 
324.753082 104.045822 
305.235657 179.059219 
312.151642 165.254456 
319.012665 151.187210 
325.791107 137.252640 
332.842590 123.058853 
339.246552 108.441658 
319.770477 182.810013 
326.780090 169.027893 
333.214478 155.159622 
340.107849 141.164093 
347.054749 127.068726 
353.982300 112.864243 
333.969513 186.036774 
340.799072 172.946503 
347.714417 159.042618 
354.228546 145.090881 
361.042694 130.970200 
367.982788 116.816345 
348.017944 189.921875 
354.853699 176.172607 
361.805420 162.901733 
368.155029 148.957001 
375.100098 134.869156 
381.972565 120.140678 
204.016632 60.210800 
203.303650 74.597450 
202.887741 89.019257 
202.058273 103.131256 
201.430038 117.329445 
200.982483 131.198730 
188.146393 61.112873 
187.347382 75.925896 
186.972244 90.164536 
186.687790 104.353783 
186.138794 118.538475 
185.768646 132.845154 
171.970978 62.144543 
171.276077 76.826447 
171.018753 91.233780 
170.911255 105.720947 
170.386215 119.982262 
170.147812 134.102158 
155.764771 63.272171 
155.219162 78.025696 
154.987320 92.354530 
154.930954 106.905991 
154.826187 121.216042 
154.747314 135.601379 
139.261353 64.225418 
139.030121 79.035576 
138.942200 93.836304 
138.967194 108.057060 
138.870224 122.767509 
138.942719 136.821060 
122.884155 65.227806 
122.885178 80.117691 
122.891388 94.835083 
122.766212 109.522293 
122.944008 123.953728 
122.980232 138.152039 
106.042145 66.728828 
106.261734 81.575218 
106.279198 96.082108 
106.726982 110.321754 
106.825073 125.077332 
106.856827 139.402161 
89.408722 67.797020 
89.804451 82.988983 
89.852036 97.299942 
90.105270 112.079994 
90.352913 126.525513 
90.806076 140.924835 
72.778923 69.301682 
72.940331 84.194397 
73.150627 99.082184 
73.363853 113.549217 
73.903717 128.032593 
74.213593 142.072250 
201.732620 208.921021 
205.287582 194.874176 
209.255447 180.799515 
213.265427 165.987244 
217.241043 151.213242 
220.861603 136.060593 
216.763290 209.882675 
220.632065 195.928253 
224.450974 181.838013 
228.669312 167.695465 
232.758652 152.946182 
236.786026 137.889511 
231.634460 210.621399 
235.198975 196.877701 
239.695099 182.839828 
243.792175 168.699783 
247.990372 154.170807 
251.875458 139.353607 
246.033386 211.158813 
250.110397 197.739304 
254.145615 183.826248 
258.360046 169.867111 
262.786957 155.673767 
267.068237 141.103714 
260.617493 212.487595 
264.826202 198.795959 
268.881531 184.891495 
273.103058 170.953598 
277.663940 156.839401 
281.913330 142.643707 
274.910950 213.139694 
279.183472 199.890900 
283.340942 185.953064 
287.827240 172.157288 
292.062683 158.085098 
296.325684 143.911667 
289.623596 214.796143 
293.780884 201.070114 
298.051575 187.755753 
302.199951 173.838593 
306.776245 159.906128 
311.074249 145.839508 
303.881378 216.109146 
308.076721 202.910828 
312.611511 189.082657 
316.924866 175.769913 
321.391113 161.689224 
326.058594 147.372116 
318.078766 217.991074 
322.784576 204.302231 
327.004059 190.997742 
331.653015 177.131744 
336.028198 163.289291 
340.537231 149.366623 
139.329178 140.924530 
143.833267 127.755516 
147.810257 114.228592 
151.851089 100.877022 
155.928192 86.831619 
159.992203 72.244904 
154.109650 142.012558 
158.215897 129.114563 
162.703842 115.954071 
166.896881 102.288750 
170.979767 88.868698 
175.098511 74.752060 
168.728394 143.188385 
172.865387 130.059662 
177.183014 117.165306 
181.321747 103.926224 
185.994812 90.775917 
190.089981 76.864723 
182.839828 144.204910 
187.213516 131.348602 
191.800018 118.735954 
196.031815 105.285416 
200.229660 92.063492 
204.955887 78.713730 
196.999634 145.825546 
201.390915 132.943283 
205.894974 120.145271 
210.087265 106.987648 
214.736588 93.945351 
219.261108 80.223343 
211.066025 146.994949 
215.607864 134.694870 
219.976852 121.769119 
224.279633 108.772743 
229.043259 95.226151 
233.771301 82.132278 
225.061417 148.820633 
229.282242 136.029587 
233.895432 123.671692 
238.570953 110.324341 
243.211243 97.166084 
247.871353 83.978348 
238.937531 150.184402 
243.216263 137.955215 
247.920700 125.066406 
252.401672 112.417534 
257.136993 99.149536 
261.963196 86.216393 
252.726654 152.182678 
257.109436 139.799316 
261.914307 127.109879 
266.619202 114.236046 
271.057739 101.304405 
275.819366 88.148796 
198.336166 212.155899 
202.497177 197.646194 
206.593521 182.986755 
210.160248 167.983475 
214.080261 152.611984 
217.418182 136.698883 
211.326660 209.930023 
215.419159 195.754807 
219.369293 180.992447 
223.313446 166.010529 
227.147278 150.777023 
230.779892 135.194168 
223.946106 207.788040 
227.987793 193.661194 
232.021652 179.067429 
235.827621 164.165115 
239.817017 149.196793 
243.471954 133.465744 
235.916061 205.500931 
240.634781 191.670273 
244.198242 177.048889 
248.276321 162.323730 
251.919418 147.397858 
255.868576 132.160034 
248.193848 203.376389 
252.583115 189.619888 
256.550873 175.266083 
260.327301 160.638824 
264.072021 145.935822 
267.805450 130.539795 
259.991241 201.366272 
264.319855 187.738098 
268.095123 173.266113 
272.087677 158.873886 
275.801666 144.056854 
279.824280 129.107101 
271.982330 199.624451 
275.949463 185.677017 
279.788879 171.626099 
283.328186 157.021713 
287.396240 142.437546 
291.354248 127.662811 
283.021851 197.357880 
287.128235 183.617218 
290.975403 169.326630 
294.772522 155.378525 
298.807587 140.884613 
302.670898 126.159737 
294.013916 195.100113 
297.987579 181.674408 
301.793884 167.824997 
305.637695 153.546036 
309.657532 139.272278 
313.224915 124.790581 

