173.960098 102.000000 
168.992538 87.038460 
164.075378 72.081467 
158.998901 57.059685 
153.916428 42.086277 
147.949127 26.886259 
161.000000 102.810371 
156.121338 87.873856 
151.252136 73.043472 
146.074966 57.965702 
140.880661 42.997364 
135.067688 27.953287 
148.900528 103.035706 
144.000000 88.073181 
138.943604 73.828239 
133.786499 59.003513 
128.039047 43.954025 
122.753326 28.965479 
136.858795 103.124931 
131.206100 88.968803 
126.297630 74.082375 
121.029907 59.871872 
115.815216 44.958229 
110.110901 30.094566 
124.111023 103.904503 
119.266396 89.153374 
114.069756 75.027519 
108.963120 60.866806 
103.161316 45.960835 
97.846931 31.004930 
112.134232 104.107094 
107.811363 90.070656 
102.171890 75.993393 
97.043129 61.176525 
91.277313 47.061581 
85.941704 32.226646 
100.072060 105.000000 
95.725609 90.934067 
90.192657 76.771095 
85.038338 62.115723 
79.778198 47.937199 
73.900841 33.113869 
88.949303 105.908211 
83.945747 91.839882 
78.879478 77.090347 
73.144501 63.110790 
67.821228 49.015781 
62.036079 34.775314 
77.854828 106.051445 
72.298813 92.095161 
67.113121 78.066330 
61.302441 64.171051 
56.059601 50.022278 
50.000824 35.957890 
169.647812 159.847626 
164.902512 145.211502 
159.879745 130.835953 
154.905853 115.972054 
150.005142 101.008415 
144.753387 85.795113 
155.311569 159.021317 
150.742065 144.809433 
145.812729 130.104904 
140.804626 115.365417 
135.398895 100.306305 
130.160538 85.656746 
141.275986 158.131470 
136.365601 144.095184 
131.679214 129.857208 
126.332855 115.091904 
121.161591 100.095993 
115.982674 85.093285 
127.755402 157.751755 
122.843643 143.444427 
117.862213 129.319275 
112.658455 114.844818 
107.277283 100.018822 
101.938896 84.946358 
114.638695 156.920563 
109.164139 142.937683 
104.096710 128.963181 
98.759781 114.167885 
93.563553 99.867378 
88.007034 84.829948 
101.523407 155.771729 
96.051582 142.031067 
90.489960 128.222702 
85.241539 114.015312 
79.997200 99.312019 
74.689827 84.319695 
89.049629 154.141006 
83.133568 141.172760 
77.522797 127.675133 
72.172676 113.296852 
66.935532 98.947083 
61.428268 84.069115 
77.088913 152.967712 
71.129433 140.018173 
64.866470 126.871094 
59.123817 112.999352 
53.670151 98.668526 
48.570221 83.861244 
65.824211 150.944656 
59.294613 138.157715 
53.081394 125.414558 
46.367207 112.212708 
40.881161 98.171112 
34.975346 83.990120 
162.927063 127.788467 
156.971344 112.031708 
150.914246 96.840736 
144.820480 81.102478 
138.092606 65.767570 
131.229492 49.984085 
149.832397 128.793427 
143.919708 113.814308 
137.838852 98.030220 
131.225052 82.918221 
125.129585 67.200630 
118.165840 51.922657 
136.948380 129.975128 
131.043396 114.930122 
124.943497 99.842796 
118.728920 84.775719 
112.072693 69.108917 
105.103310 53.834511 
124.217323 130.993057 
118.208977 116.056465 
112.156151 101.141884 
105.899147 86.050102 
99.739464 70.975792 
92.821213 55.842564 
112.052078 132.075195 
105.962845 117.175972 
99.837006 102.860359 
93.182373 87.923485 
86.965416 72.875015 
80.067429 57.795639 
99.799706 133.779968 
93.797523 118.983665 
87.219215 104.111351 
81.004738 89.220078 
74.245430 74.217323 
67.919312 59.173569 
87.130302 134.927811 
81.209633 120.207237 
75.046394 105.841400 
68.856804 90.941536 
62.201637 76.183807 
55.068401 61.852375 
75.192574 136.165909 
69.167412 121.912712 
62.997902 107.222992 
56.812798 92.905052 
49.797180 78.176270 
42.788868 64.088463 
63.839573 137.745819 
57.250275 123.224243 
51.136314 109.053757 
44.210476 94.881126 
37.771980 80.764946 
30.109161 66.146011 
106.156448 124.229279 
107.854530 140.729797 
109.303253 156.456924 
111.048103 172.076630 
112.894386 187.212921 
114.741135 201.929245 
122.268929 128.423004 
123.844635 144.865555 
125.204155 160.815781 
126.910324 176.171310 
128.464127 191.402084 
129.995468 206.141479 
138.872894 132.723450 
139.998810 148.941025 
141.262711 164.994965 
142.743896 180.678329 
144.208298 195.836700 
145.819458 210.591736 
155.254059 136.830353 
156.722839 153.084991 
157.435394 169.152603 
158.958023 184.915665 
160.258224 200.047638 
161.780869 214.810715 
172.120667 140.918503 
173.156830 157.286453 
174.060318 173.616211 
175.207367 189.171753 
176.287369 204.321152 
177.939270 219.158951 
189.207977 145.096695 
190.011246 161.777481 
190.882767 177.937836 
191.889496 193.860168 
192.858765 208.887024 
193.953583 223.787216 
206.734772 149.189255 
207.004761 165.951706 
207.915009 182.248260 
208.329224 198.243027 
209.252426 213.411316 
210.150345 228.310730 
224.056946 153.392548 
224.624344 170.275330 
224.919220 186.776733 
225.194611 202.652679 
225.982437 218.111221 
226.898544 233.112045 
242.706970 157.337402 
242.240021 174.461365 
242.701935 190.941711 
242.845886 207.033737 
242.943680 222.831482 
243.135559 238.083038 
174.660751 205.990311 
170.026764 191.970383 
165.351105 177.930923 
160.817688 163.198257 
155.841705 148.983444 
150.306915 134.715530 
160.011078 205.858490 
155.717880 191.962982 
150.897064 177.752808 
146.087860 163.230850 
140.998917 148.912399 
135.832916 134.323914 
145.929901 205.792999 
141.065689 191.929520 
136.177658 177.821655 
131.405960 163.276825 
126.710518 148.831604 
121.337265 134.266159 
131.767883 205.323456 
126.884644 191.793137 
122.051292 177.870667 
117.085052 163.254486 
112.141533 148.993881 
107.055122 134.208298 
117.867500 205.002731 
112.944069 191.373444 
107.996300 177.365952 
102.986526 163.284744 
97.862549 149.096725 
92.647903 134.723022 
104.257820 204.331665 
99.308762 191.002930 
94.212746 177.166763 
89.157196 163.183319 
83.921913 149.097336 
78.780540 134.880035 
91.295479 203.870346 
86.226761 190.191605 
81.131653 176.867310 
75.855614 162.915009 
70.729347 148.898773 
65.151283 134.663483 
78.597099 202.800598 
73.384476 189.267807 
68.088020 175.900482 
63.037495 162.032822 
57.805569 148.162567 
52.205677 134.030899 
66.285194 201.837616 
60.994305 188.325073 
55.762733 175.005447 
50.116112 161.742172 
44.942863 147.832199 
38.963470 133.790176 
166.163071 244.942200 
161.118225 229.963776 
155.625107 214.914886 
150.070984 199.258087 
144.191437 183.958801 
138.217651 168.049896 
150.840042 244.180725 
145.251938 229.248596 
139.941849 214.070313 
134.218048 198.975189 
128.758804 183.144714 
122.331932 167.852402 
135.661804 243.877350 
129.874969 228.944321 
124.311325 213.947998 
118.895309 198.302155 
113.039421 182.959030 
106.937057 167.213959 
120.216782 242.993118 
114.810951 228.186951 
109.012604 213.188919 
103.262321 198.024139 
97.654251 182.767609 
91.390549 167.015442 
105.683975 242.082260 
99.877144 227.817596 
94.028221 212.943085 
88.197670 197.917496 
82.144012 182.808563 
76.104279 166.907211 
90.945557 241.180893 
85.201431 226.962326 
79.227318 212.141479 
73.241264 197.198624 
67.267807 182.113602 
61.105995 166.954498 
76.917259 240.039536 
71.037430 225.978714 
64.998077 211.180984 
58.979454 196.822128 
52.957756 181.783707 
46.500175 166.221313 
63.191422 239.011002 
57.297718 224.971756 
51.082024 210.573593 
45.205555 195.931961 
38.947540 180.969345 
32.609734 165.893646 
49.939888 237.818665 
43.867901 223.841370 
37.706238 209.362503 
31.225805 195.200943 
24.934542 180.156799 
18.096947 165.795212 
200.013596 178.140762 
195.973999 163.770920 
192.045044 148.879761 
187.979462 134.016617 
183.982910 119.082184 
179.362015 104.121658 
183.966476 181.124161 
179.846771 166.818893 
175.833252 152.009720 
171.725815 137.171539 
167.179657 122.173813 
162.930008 107.318588 
167.917328 184.249130 
163.793015 169.892700 
159.282639 155.086807 
155.024109 140.713013 
150.850891 125.820847 
146.175568 110.889893 
151.851486 187.754608 
147.668411 173.000076 
143.120148 158.178680 
138.869736 143.874176 
134.132767 129.052887 
129.834274 114.085953 
135.888794 190.768570 
131.388763 176.120834 
127.101608 161.747955 
122.306267 147.123276 
117.913216 132.231812 
113.037590 117.810715 
119.915581 193.901367 
115.684792 179.216232 
110.949959 164.953918 
106.132561 150.233994 
101.620735 135.890137 
96.762268 120.966476 
104.103279 196.854599 
99.597862 182.687271 
94.900574 168.075333 
89.990227 153.880615 
85.097748 139.035233 
80.102097 124.187767 
88.168533 200.060074 
83.729919 185.903442 
78.812668 171.696793 
73.924568 157.011749 
68.897621 142.293610 
63.876152 127.804512 
72.667946 203.181152 
67.820702 189.074905 
62.811127 174.919800 
57.753487 160.631653 
52.760101 145.926895 
47.233463 131.136902 

