338.390503 113.557755 
340.760956 99.771500 
342.761383 85.788605 
344.850891 71.716850 
347.033325 57.228436 
349.146973 42.961277 
323.953064 113.874519 
325.949493 99.937775 
327.898621 85.892403 
329.977264 71.687233 
331.973785 57.208858 
334.102600 42.994034 
308.952057 113.996559 
310.885406 99.967850 
312.837036 85.961884 
314.770630 71.845070 
316.821014 57.197281 
318.849121 42.967365 
293.937744 114.026276 
295.720001 100.066612 
297.396484 86.083549 
299.238373 71.763763 
301.139801 57.243725 
303.200531 42.868999 
278.946716 114.377518 
280.747375 100.308235 
282.213440 86.189583 
284.050720 72.014183 
286.038727 57.620079 
287.920532 42.952240 
263.933319 114.942894 
265.307007 100.695473 
267.025726 86.319992 
268.748169 72.090866 
270.219696 57.696289 
272.158508 42.880161 
248.696960 115.447945 
250.028900 101.087898 
251.764359 86.860909 
253.060471 72.220291 
254.767975 57.803093 
256.352722 42.994240 
233.264725 115.882652 
234.633865 101.383118 
235.941956 87.048752 
237.603134 72.712593 
239.060349 58.121792 
240.654907 43.260319 
217.792618 116.061897 
219.019882 101.887955 
220.323410 87.224289 
221.922745 73.019455 
223.214294 58.258392 
224.903214 43.889023 
382.901215 174.135406 
386.941650 160.852859 
391.003815 147.040100 
395.137634 133.310257 
399.186249 119.229675 
403.852509 105.154205 
368.174316 173.810440 
372.154205 160.085342 
376.178101 146.285019 
380.200623 132.335297 
384.671112 118.242950 
388.962616 104.093132 
353.688049 173.012527 
357.235565 159.367493 
361.194794 145.803421 
365.260925 131.757324 
369.260925 117.687546 
373.735077 103.024384 
338.653320 172.324615 
342.293243 158.876740 
346.239655 144.886063 
350.142700 130.870697 
354.067810 116.380478 
358.139679 101.987938 
323.248993 171.295090 
327.218567 157.977509 
331.056000 144.026443 
334.929657 129.962585 
338.896851 115.682114 
342.770538 100.885117 
307.931122 170.725830 
311.816193 157.057205 
315.598724 143.181046 
319.119263 128.931259 
323.031494 114.668320 
326.923492 99.815140 
292.165649 169.012177 
296.076080 155.967728 
299.920349 142.054993 
303.351410 127.872658 
307.064423 113.127533 
310.740082 98.206352 
276.309845 167.250473 
280.055176 154.169037 
283.989624 141.021423 
287.679016 126.959656 
291.116089 112.099503 
294.677307 96.996315 
260.183960 165.093842 
264.007263 152.216019 
267.811646 139.005020 
271.254730 125.390198 
274.973450 111.028297 
278.811340 96.146782 
378.678894 143.242447 
380.094177 128.980606 
382.119171 114.578064 
383.951599 100.033279 
385.885773 85.408218 
387.991333 70.849121 
363.247803 144.056351 
365.008728 129.774139 
366.659973 115.293152 
368.399261 100.749023 
370.137054 86.071190 
372.155334 71.088097 
348.108917 145.038544 
349.818207 130.727234 
351.161621 115.966339 
352.954254 101.361374 
354.514099 86.667290 
356.224243 71.871391 
332.927399 145.896423 
334.024536 131.322113 
335.738800 116.906265 
337.060272 102.209129 
338.854004 87.167862 
340.365753 72.252251 
317.189636 146.693726 
318.265625 132.202850 
319.698517 117.514107 
321.114197 103.046844 
322.915863 87.970230 
324.103333 72.984863 
301.854614 147.874756 
302.661652 133.285843 
303.996887 118.784821 
305.278839 103.721008 
306.791077 88.801491 
307.920319 73.380142 
286.064514 149.010406 
286.998260 134.191010 
288.246857 119.640648 
289.072723 104.849731 
290.432587 89.643410 
291.983154 74.829948 
270.199188 150.144470 
271.242737 135.520309 
272.061218 120.787285 
273.238953 105.729393 
274.259827 90.874275 
275.694855 75.897110 
254.217041 151.136749 
255.086090 136.819092 
256.126862 121.758469 
256.990540 106.938454 
258.156097 91.899605 
259.213867 77.000587 
444.040802 142.076309 
436.890015 157.120331 
429.077454 172.082504 
421.833893 186.942947 
414.094604 201.133530 
406.803284 215.180222 
458.017700 146.079575 
450.808441 161.135452 
442.959503 175.989487 
435.195923 190.225189 
427.910431 204.797318 
420.153625 218.856979 
471.881012 150.169907 
463.991058 165.002853 
456.258820 179.822708 
448.952820 193.996735 
441.093750 207.995834 
433.792145 221.879959 
485.012085 154.050903 
477.177338 168.948624 
469.914703 183.099472 
462.063202 197.227371 
454.208282 211.091965 
446.902985 224.966766 
498.026154 158.008713 
490.210114 172.755966 
482.938538 186.927917 
475.077698 200.959610 
467.215363 214.758209 
459.860870 227.994690 
510.996399 161.932022 
503.110565 176.074081 
495.859100 190.088013 
488.042297 204.066086 
480.101227 217.943756 
472.800537 230.984329 
523.913696 165.199799 
516.052612 179.912567 
508.152283 193.861542 
500.848694 207.770569 
492.984833 220.988724 
485.102722 234.061874 
536.021973 169.012787 
528.221497 183.038864 
520.875916 196.972977 
513.051575 210.847748 
505.213318 224.096390 
497.917358 237.134811 
547.999634 172.096222 
540.225159 186.120956 
532.946716 200.017105 
525.123169 213.944794 
517.864502 227.084824 
510.109589 240.287582 
374.909149 217.902649 
378.400604 204.708862 
382.238312 191.112000 
386.120331 177.398239 
390.241455 164.009613 
394.384003 150.716858 
360.950195 218.131241 
364.341278 204.983704 
368.086731 191.272614 
372.073975 177.662216 
375.767151 163.970871 
380.016418 150.193909 
346.951447 218.715164 
350.180939 205.161057 
353.981323 191.737091 
357.359344 177.889221 
361.163513 163.895737 
365.067657 149.958160 
332.320618 219.082672 
335.949402 205.716522 
339.342529 191.985855 
342.937073 178.049606 
346.390198 164.006699 
350.105042 149.813934 
317.677460 219.372253 
321.082886 206.006317 
324.781464 192.171204 
328.112854 178.182907 
331.872681 164.037994 
335.146881 149.813675 
302.824249 219.713669 
306.077515 205.984344 
309.342865 192.177536 
312.916656 178.192429 
316.245056 164.146225 
319.950592 149.736160 
287.657867 219.348740 
290.871857 205.837677 
293.982666 191.964569 
297.391876 177.893860 
300.845215 163.785202 
304.138702 149.124054 
272.103485 219.045349 
275.104858 205.247543 
278.304108 191.384415 
281.678925 177.192352 
284.944244 163.020020 
288.181305 148.324234 
256.181244 218.375305 
259.272064 204.884048 
262.360382 190.943024 
265.836426 176.970398 
268.976746 162.355881 
272.144958 147.970932 
455.080383 252.261520 
459.128723 238.003998 
463.165771 223.712402 
467.138397 209.000961 
471.688416 194.328659 
476.119232 179.927826 
441.143158 253.179535 
445.007996 238.932144 
448.903717 224.160294 
452.887787 209.668045 
456.958252 194.840088 
461.607178 180.093231 
427.104340 254.617722 
430.730499 239.970169 
434.289520 225.170105 
438.286987 210.105621 
442.126373 195.123718 
446.597870 180.133133 
412.817383 255.673370 
416.174713 240.795227 
419.961548 226.004379 
423.874023 210.934738 
427.385437 195.733887 
431.565552 180.392136 
397.891083 256.420532 
401.396179 241.890579 
405.183411 226.885269 
408.883820 211.906509 
412.748230 196.699814 
416.284424 180.982895 
383.022705 257.604187 
386.530304 242.665634 
390.057037 227.874527 
393.899261 212.377304 
397.322662 197.142502 
401.237457 181.716385 
367.798584 258.135101 
371.092133 243.183807 
374.761078 228.230652 
378.221741 213.020630 
381.954956 197.724136 
385.619598 181.932892 
352.058319 258.821960 
355.305695 243.747726 
358.933777 228.762268 
362.208496 213.250275 
365.908203 197.839523 
369.361603 181.944046 
336.018982 259.081726 
339.280945 244.131622 
342.847168 229.058929 
346.191345 213.855865 
349.703613 198.032578 
353.194672 182.135742 
378.517029 190.618774 
382.163208 177.207886 
386.068970 163.959396 
390.066986 150.674927 
394.294159 137.000244 
399.001709 123.662796 
368.039551 193.376160 
371.691132 180.104752 
375.354950 166.768280 
379.623535 153.078613 
383.859406 139.673965 
388.205780 125.981697 
357.694885 196.768860 
360.888458 183.101639 
364.743713 169.372803 
368.931488 155.903839 
372.934082 142.100693 
377.511292 128.358749 
346.674042 199.862503 
349.982147 185.916595 
353.728333 172.283142 
357.755829 158.773346 
362.065643 144.878525 
366.279602 130.979141 
335.380676 202.840408 
338.855682 189.043015 
342.667358 175.154831 
346.829010 161.673126 
351.004822 147.735703 
355.198578 133.745224 
324.101196 205.910278 
327.529205 192.149185 
331.174164 178.233231 
335.410217 164.524902 
339.502319 150.654831 
343.898499 136.235382 
312.172943 209.023132 
315.922699 195.335312 
319.805603 181.377487 
324.001678 167.655365 
327.946960 153.350067 
332.158081 139.097748 
300.811188 212.726715 
304.310944 198.700165 
308.085480 184.848938 
311.970428 170.783875 
316.039307 156.308350 
320.149872 141.954941 
288.930420 216.027496 
292.517303 202.328796 
296.217651 188.057556 
300.081085 173.985870 
304.097565 159.585159 
308.599609 145.009964 


