196.561859 192.264725 
193.765289 177.803818 
190.979141 163.129623 
188.669342 148.415176 
186.082321 133.107224 
183.821793 117.667877 
208.783890 196.601501 
206.284943 182.112091 
203.711365 167.252304 
201.115433 152.228775 
198.745026 136.887497 
196.316238 121.320145 
221.189896 200.876419 
218.779617 186.219269 
216.411835 171.497253 
213.919296 156.130493 
211.564484 140.626663 
209.193207 125.220490 
233.899002 205.197220 
231.507034 190.411972 
229.129944 175.714722 
226.904282 160.140991 
224.711853 144.846863 
222.472992 129.165115 
246.968491 209.327698 
244.644440 195.068619 
242.466278 179.735001 
240.165970 164.552689 
237.925491 148.791809 
235.911652 132.912140 
260.246521 214.022598 
257.977112 199.164948 
255.832809 184.159836 
253.753616 168.597519 
251.714340 152.913055 
249.531494 136.747208 
273.959869 218.582260 
271.751221 203.748978 
269.524536 188.492004 
267.665741 172.998047 
265.459259 157.098145 
263.718903 141.082275 
287.904877 223.120712 
285.508972 208.392654 
283.730011 192.985153 
281.702301 177.202698 
279.828735 161.254410 
278.098328 144.931595 
301.636475 227.924332 
299.817535 212.894440 
297.662292 197.309937 
296.109711 181.675095 
294.547211 165.432053 
293.006134 148.904327 
230.175186 174.077042 
227.434753 159.948715 
224.739792 145.558609 
221.999054 131.147476 
219.297180 116.362450 
216.581573 101.435410 
242.350784 176.297546 
239.796509 162.003006 
236.927353 147.586990 
234.223938 132.871887 
231.658783 118.067116 
228.996704 103.086960 
254.850464 178.280685 
252.180817 164.049011 
249.508423 149.464508 
246.881653 134.721603 
244.118515 119.847710 
241.447418 104.907013 
267.293579 180.648224 
264.931305 166.040298 
262.265503 151.416290 
259.668610 136.696686 
256.797363 121.690582 
254.111435 106.693741 
279.828339 182.966171 
277.723480 168.319901 
275.185394 153.429337 
272.498840 138.539001 
269.811523 123.561684 
267.044891 108.288391 
292.321655 185.520172 
290.098877 170.834091 
288.007477 155.804840 
285.537811 140.633606 
282.921021 125.311119 
280.259216 110.311279 
304.871216 188.223099 
303.258240 173.141907 
301.158234 157.971832 
298.833130 142.785248 
295.843658 127.528824 
293.297577 112.121223 
317.177338 191.303116 
315.809235 175.853348 
314.396393 160.246750 
312.148315 144.955627 
309.296326 129.824387 
306.997253 114.110031 
329.594818 194.483536 
328.657501 178.975449 
327.090973 163.145752 
326.053772 147.141068 
323.649261 131.830658 
321.289520 115.368866 
215.227310 163.254654 
213.387924 149.697906 
211.966751 135.702087 
210.219391 121.095444 
209.003647 106.219231 
207.848495 91.405762 
228.026260 167.596451 
226.618439 153.484024 
225.031616 139.290115 
223.385468 124.895920 
222.139023 110.027817 
221.006348 94.974297 
241.136993 171.389023 
239.813614 157.640457 
238.409988 143.181763 
237.000076 128.678696 
235.765106 113.848862 
234.349594 98.766899 
254.433441 175.709274 
253.043610 161.328766 
251.905334 147.227203 
250.553101 132.485596 
249.221909 117.636917 
248.164795 102.345619 
268.114594 179.700851 
266.882263 165.668350 
265.689758 151.016098 
264.322174 136.382034 
263.211853 121.384407 
262.058716 106.260345 
282.038940 183.621536 
280.853943 169.712997 
279.709717 155.070999 
278.502411 140.437439 
277.270538 125.365280 
276.231964 110.109772 
296.221436 187.389542 
295.045105 173.362778 
293.925507 159.002548 
292.944885 144.283997 
291.821960 129.095795 
290.982880 113.798233 
310.740204 191.634949 
309.457031 177.510178 
308.390137 162.802307 
307.603149 148.027985 
306.993469 132.727386 
306.201813 117.180031 
325.189362 195.993011 
324.194458 181.308304 
323.689697 167.052414 
322.892853 151.972900 
322.050293 136.653809 
321.881653 120.719231 
252.953644 68.004707 
258.928101 81.806808 
264.391052 95.194832 
269.927338 108.850319 
275.219543 122.322136 
280.453705 135.809875 
241.798615 70.001251 
247.595245 83.283493 
253.113403 96.862915 
258.648804 110.265091 
263.958069 123.927444 
269.022339 137.164764 
230.584885 71.717377 
236.342728 85.081932 
241.974152 98.675049 
247.336411 111.872887 
252.479767 125.175621 
257.602661 138.588943 
219.664642 73.475052 
225.495605 86.842743 
230.965302 100.080452 
236.361221 113.349197 
241.520477 126.746567 
246.741013 139.986160 
209.144058 75.347282 
214.731888 88.829124 
220.027283 101.856781 
225.669373 114.994171 
230.921860 128.138641 
235.813950 141.153183 
198.195633 77.080666 
204.002792 90.311256 
209.488113 103.316742 
214.814697 116.563942 
220.045181 129.751724 
225.228104 142.505707 
187.875427 79.065697 
193.628860 92.077148 
199.026169 104.996696 
204.370178 117.952087 
209.743591 130.897781 
214.807068 143.838959 
177.327850 80.884262 
182.937469 93.924919 
188.609451 106.722900 
194.178802 119.457138 
199.315063 132.052902 
204.631790 144.940308 
166.923203 82.956749 
172.805878 95.852562 
178.154495 108.371811 
183.937180 121.045555 
189.269165 133.418121 
194.749329 146.105560 
250.072250 206.094147 
247.057739 192.890594 
244.332153 179.345917 
241.204056 165.793518 
238.563187 151.773987 
235.902191 137.308731 
262.791809 207.972549 
259.819061 194.688217 
257.037964 181.063629 
254.276031 167.390549 
251.274612 153.336243 
248.791321 138.998032 
275.633331 209.617722 
272.986572 196.277679 
270.026947 182.768845 
267.104065 168.840836 
264.276306 154.979675 
261.721252 140.446350 
288.651093 211.459213 
286.054169 198.036133 
283.271759 184.190323 
280.419342 170.385117 
277.697327 156.358154 
274.875397 142.087585 
301.834076 213.516907 
299.162750 199.814178 
296.728546 185.992752 
294.030762 172.046234 
291.198883 157.949631 
288.533142 143.681824 
314.942169 215.754059 
312.557465 201.849991 
309.889801 188.003464 
307.286804 174.008240 
304.818573 159.698486 
302.291687 145.206375 
328.015076 218.060440 
325.828674 204.225586 
323.301636 190.332794 
320.756195 175.906662 
318.247772 161.827393 
315.744171 147.018967 
341.146240 220.866257 
338.928436 206.867218 
336.722473 192.627975 
334.287079 178.368210 
331.793335 163.851852 
329.231628 149.064911 
354.170441 223.721436 
352.199921 209.356018 
350.099945 195.275436 
347.822784 180.784042 
345.570404 165.946548 
343.192596 151.176666 
247.340866 147.303879 
245.305893 134.150085 
243.261826 120.810791 
241.299896 107.209763 
239.584656 93.454147 
237.804810 79.593575 
259.193146 149.204117 
257.121429 135.864166 
255.287384 122.370041 
253.299606 108.870239 
251.436707 95.023491 
249.831421 80.982346 
271.273102 150.945129 
269.654633 137.713226 
267.726959 124.094322 
265.735229 110.310905 
263.686096 96.555962 
262.041382 82.432732 
283.752014 152.729736 
281.943665 139.220413 
280.053802 125.681183 
278.061340 112.014748 
276.196228 98.027016 
274.297943 84.014503 
295.991516 154.763550 
294.280273 141.023819 
292.698669 127.431686 
290.856934 113.577827 
289.118561 99.473572 
287.107300 85.314964 
308.400696 156.631531 
306.836060 142.969299 
305.204041 129.167847 
303.516632 115.171310 
301.789093 101.036621 
300.016449 86.844376 
320.760071 158.808228 
319.096283 144.842087 
317.873260 131.258896 
316.187042 117.114647 
314.592957 102.732979 
312.876190 88.602325 
333.153412 160.970428 
332.046997 147.129868 
330.390411 133.032700 
328.901154 118.893410 
327.381348 104.740257 
326.024658 90.226891 
346.011902 163.164490 
344.718414 149.249924 
343.572998 135.261459 
342.004730 120.944008 
340.331390 106.427078 
339.201050 91.906311 
214.267181 206.258896 
210.874649 193.101425 
207.653152 179.967743 
203.989822 166.125671 
201.004883 152.178772 
197.645355 137.878036 
229.206528 205.074875 
225.921600 192.000671 
222.692200 178.542099 
219.498199 164.807083 
216.097656 150.813324 
213.041458 136.324966 
244.181732 203.847015 
241.042786 190.814774 
237.952133 177.195007 
234.720276 163.228561 
231.641098 149.363190 
228.344955 134.866425 
259.421082 202.632248 
256.204742 189.313171 
253.210617 175.867233 
250.121872 161.999023 
247.212433 147.885071 
244.115616 133.305725 
274.855682 201.106400 
271.716980 188.080185 
268.623016 174.451172 
265.777283 160.402161 
262.910736 146.185410 
259.881226 131.857071 
289.965302 200.013718 
286.978607 186.821869 
284.177094 173.075302 
281.281830 159.063538 
278.670410 144.785477 
275.862610 130.143356 
305.188416 198.919540 
302.368042 185.210831 
299.900909 171.685959 
297.078552 157.315323 
294.434906 143.123001 
291.614532 128.503235 
320.724762 197.156830 
318.158661 184.134216 
315.749451 169.976242 
313.012604 155.952850 
310.269806 141.741852 
307.777069 127.055611 
336.282776 196.047882 
334.049561 182.625977 
331.526215 168.415710 
328.975830 154.213379 
326.271515 139.943893 
323.881927 125.186562 

