   3.3839050e+02   1.1355776e+02
   3.4076096e+02   9.9771500e+01
   3.4276138e+02   8.5788605e+01
   3.4485089e+02   7.1716850e+01
   3.4703332e+02   5.7228436e+01
   3.4914697e+02   4.2961277e+01
   3.2395306e+02   1.1387452e+02
   3.2594949e+02   9.9937775e+01
   3.2789862e+02   8.5892403e+01
   3.2997726e+02   7.1687233e+01
   3.3197379e+02   5.7208858e+01
   3.3410260e+02   4.2994034e+01
   3.0895206e+02   1.1399656e+02
   3.1088541e+02   9.9967850e+01
   3.1283704e+02   8.5961884e+01
   3.1477063e+02   7.1845070e+01
   3.1682101e+02   5.7197281e+01
   3.1884912e+02   4.2967365e+01
   2.9393774e+02   1.1402628e+02
   2.9572000e+02   1.0006661e+02
   2.9739648e+02   8.6083549e+01
   2.9923837e+02   7.1763763e+01
   3.0113980e+02   5.7243725e+01
   3.0320053e+02   4.2868999e+01
   2.7894672e+02   1.1437752e+02
   2.8074737e+02   1.0030824e+02
   2.8221344e+02   8.6189583e+01
   2.8405072e+02   7.2014183e+01
   2.8603873e+02   5.7620079e+01
   2.8792053e+02   4.2952240e+01
   2.6393332e+02   1.1494289e+02
   2.6530701e+02   1.0069547e+02
   2.6702573e+02   8.6319992e+01
   2.6874817e+02   7.2090866e+01
   2.7021970e+02   5.7696289e+01
   2.7215851e+02   4.2880161e+01
   2.4869696e+02   1.1544795e+02
   2.5002890e+02   1.0108790e+02
   2.5176436e+02   8.6860909e+01
   2.5306047e+02   7.2220291e+01
   2.5476798e+02   5.7803093e+01
   2.5635272e+02   4.2994240e+01
   2.3326473e+02   1.1588265e+02
   2.3463386e+02   1.0138312e+02
   2.3594196e+02   8.7048752e+01
   2.3760313e+02   7.2712593e+01
   2.3906035e+02   5.8121792e+01
   2.4065491e+02   4.3260319e+01
   2.1779262e+02   1.1606190e+02
   2.1901988e+02   1.0188796e+02
   2.2032341e+02   8.7224289e+01
   2.2192274e+02   7.3019455e+01
   2.2321429e+02   5.8258392e+01
   2.2490321e+02   4.3889023e+01
   3.8290121e+02   1.7413541e+02
   3.8694165e+02   1.6085286e+02
   3.9100381e+02   1.4704010e+02
   3.9513763e+02   1.3331026e+02
   3.9918625e+02   1.1922968e+02
   4.0385251e+02   1.0515421e+02
   3.6817432e+02   1.7381044e+02
   3.7215420e+02   1.6008534e+02
   3.7617810e+02   1.4628502e+02
   3.8020062e+02   1.3233530e+02
   3.8467111e+02   1.1824295e+02
   3.8896262e+02   1.0409313e+02
   3.5368805e+02   1.7301253e+02
   3.5723557e+02   1.5936749e+02
   3.6119479e+02   1.4580342e+02
   3.6526092e+02   1.3175732e+02
   3.6926092e+02   1.1768755e+02
   3.7373508e+02   1.0302438e+02
   3.3865332e+02   1.7232461e+02
   3.4229324e+02   1.5887674e+02
   3.4623966e+02   1.4488606e+02
   3.5014270e+02   1.3087070e+02
   3.5406781e+02   1.1638048e+02
   3.5813968e+02   1.0198794e+02
   3.2324899e+02   1.7129509e+02
   3.2721857e+02   1.5797751e+02
   3.3105600e+02   1.4402644e+02
   3.3492966e+02   1.2996258e+02
   3.3889685e+02   1.1568211e+02
   3.4277054e+02   1.0088512e+02
   3.0793112e+02   1.7072583e+02
   3.1181619e+02   1.5705721e+02
   3.1559872e+02   1.4318105e+02
   3.1911926e+02   1.2893126e+02
   3.2303149e+02   1.1466832e+02
   3.2692349e+02   9.9815140e+01
   2.9216565e+02   1.6901218e+02
   2.9607608e+02   1.5596773e+02
   2.9992035e+02   1.4205499e+02
   3.0335141e+02   1.2787266e+02
   3.0706442e+02   1.1312753e+02
   3.1074008e+02   9.8206352e+01
   2.7630985e+02   1.6725047e+02
   2.8005518e+02   1.5416904e+02
   2.8398962e+02   1.4102142e+02
   2.8767902e+02   1.2695966e+02
   2.9111609e+02   1.1209950e+02
   2.9467731e+02   9.6996315e+01
   2.6018396e+02   1.6509384e+02
   2.6400726e+02   1.5221602e+02
   2.6781165e+02   1.3900502e+02
   2.7125473e+02   1.2539020e+02
   2.7497345e+02   1.1102830e+02
   2.7881134e+02   9.6146782e+01
   3.7867889e+02   1.4324245e+02
   3.8009418e+02   1.2898061e+02
   3.8211917e+02   1.1457806e+02
   3.8395160e+02   1.0003328e+02
   3.8588577e+02   8.5408218e+01
   3.8799133e+02   7.0849121e+01
   3.6324780e+02   1.4405635e+02
   3.6500873e+02   1.2977414e+02
   3.6665997e+02   1.1529315e+02
   3.6839926e+02   1.0074902e+02
   3.7013705e+02   8.6071190e+01
   3.7215533e+02   7.1088097e+01
   3.4810892e+02   1.4503854e+02
   3.4981821e+02   1.3072723e+02
   3.5116162e+02   1.1596634e+02
   3.5295425e+02   1.0136137e+02
   3.5451410e+02   8.6667290e+01
   3.5622424e+02   7.1871391e+01
   3.3292740e+02   1.4589642e+02
   3.3402454e+02   1.3132211e+02
   3.3573880e+02   1.1690627e+02
   3.3706027e+02   1.0220913e+02
   3.3885400e+02   8.7167862e+01
   3.4036575e+02   7.2252251e+01
   3.1718964e+02   1.4669373e+02
   3.1826563e+02   1.3220285e+02
   3.1969852e+02   1.1751411e+02
   3.2111420e+02   1.0304684e+02
   3.2291586e+02   8.7970230e+01
   3.2410333e+02   7.2984863e+01
   3.0185461e+02   1.4787476e+02
   3.0266165e+02   1.3328584e+02
   3.0399689e+02   1.1878482e+02
   3.0527884e+02   1.0372101e+02
   3.0679108e+02   8.8801491e+01
   3.0792032e+02   7.3380142e+01
   2.8606451e+02   1.4901041e+02
   2.8699826e+02   1.3419101e+02
   2.8824686e+02   1.1964065e+02
   2.8907272e+02   1.0484973e+02
   2.9043259e+02   8.9643410e+01
   2.9198315e+02   7.4829948e+01
   2.7019919e+02   1.5014447e+02
   2.7124274e+02   1.3552031e+02
   2.7206122e+02   1.2078729e+02
   2.7323895e+02   1.0572939e+02
   2.7425983e+02   9.0874275e+01
   2.7569486e+02   7.5897110e+01
   2.5421704e+02   1.5113675e+02
   2.5508609e+02   1.3681909e+02
   2.5612686e+02   1.2175847e+02
   2.5699054e+02   1.0693845e+02
   2.5815610e+02   9.1899605e+01
   2.5921387e+02   7.7000587e+01
   4.4404080e+02   1.4207631e+02
   4.3689002e+02   1.5712033e+02
   4.2907745e+02   1.7208250e+02
   4.2183389e+02   1.8694295e+02
   4.1409460e+02   2.0113353e+02
   4.0680328e+02   2.1518022e+02
   4.5801770e+02   1.4607958e+02
   4.5080844e+02   1.6113545e+02
   4.4295950e+02   1.7598949e+02
   4.3519592e+02   1.9022519e+02
   4.2791043e+02   2.0479732e+02
   4.2015362e+02   2.1885698e+02
   4.7188101e+02   1.5016991e+02
   4.6399106e+02   1.6500285e+02
   4.5625882e+02   1.7982271e+02
   4.4895282e+02   1.9399674e+02
   4.4109375e+02   2.0799583e+02
   4.3379215e+02   2.2187996e+02
   4.8501209e+02   1.5405090e+02
   4.7717734e+02   1.6894862e+02
   4.6991470e+02   1.8309947e+02
   4.6206320e+02   1.9722737e+02
   4.5420828e+02   2.1109196e+02
   4.4690299e+02   2.2496677e+02
   4.9802615e+02   1.5800871e+02
   4.9021011e+02   1.7275597e+02
   4.8293854e+02   1.8692792e+02
   4.7507770e+02   2.0095961e+02
   4.6721536e+02   2.1475821e+02
   4.5986087e+02   2.2799469e+02
   5.1099640e+02   1.6193202e+02
   5.0311057e+02   1.7607408e+02
   4.9585910e+02   1.9008801e+02
   4.8804230e+02   2.0406609e+02
   4.8010123e+02   2.1794376e+02
   4.7280054e+02   2.3098433e+02
   5.2391370e+02   1.6519980e+02
   5.1605261e+02   1.7991257e+02
   5.0815228e+02   1.9386154e+02
   5.0084869e+02   2.0777057e+02
   4.9298483e+02   2.2098872e+02
   4.8510272e+02   2.3406187e+02
   5.3602197e+02   1.6901279e+02
   5.2822150e+02   1.8303886e+02
   5.2087592e+02   1.9697298e+02
   5.1305157e+02   2.1084775e+02
   5.0521332e+02   2.2409639e+02
   4.9791736e+02   2.3713481e+02
   5.4799963e+02   1.7209622e+02
   5.4022516e+02   1.8612096e+02
   5.3294672e+02   2.0001710e+02
   5.2512317e+02   2.1394479e+02
   5.1786450e+02   2.2708482e+02
   5.1010959e+02   2.4028758e+02
   3.7490915e+02   2.1790265e+02
   3.7840060e+02   2.0470886e+02
   3.8223831e+02   1.9111200e+02
   3.8612033e+02   1.7739824e+02
   3.9024145e+02   1.6400961e+02
   3.9438400e+02   1.5071686e+02
   3.6095020e+02   2.1813124e+02
   3.6434128e+02   2.0498370e+02
   3.6808673e+02   1.9127261e+02
   3.7207398e+02   1.7766222e+02
   3.7576715e+02   1.6397087e+02
   3.8001642e+02   1.5019391e+02
   3.4695145e+02   2.1871516e+02
   3.5018094e+02   2.0516106e+02
   3.5398132e+02   1.9173709e+02
   3.5735934e+02   1.7788922e+02
   3.6116351e+02   1.6389574e+02
   3.6506766e+02   1.4995816e+02
   3.3232062e+02   2.1908267e+02
   3.3594940e+02   2.0571652e+02
   3.3934253e+02   1.9198585e+02
   3.4293707e+02   1.7804961e+02
   3.4639020e+02   1.6400670e+02
   3.5010504e+02   1.4981393e+02
   3.1767746e+02   2.1937225e+02
   3.2108289e+02   2.0600632e+02
   3.2478146e+02   1.9217120e+02
   3.2811285e+02   1.7818291e+02
   3.3187268e+02   1.6403799e+02
   3.3514688e+02   1.4981367e+02
   3.0282425e+02   2.1971367e+02
   3.0607752e+02   2.0598434e+02
   3.0934287e+02   1.9217754e+02
   3.1291666e+02   1.7819243e+02
   3.1624506e+02   1.6414622e+02
   3.1995059e+02   1.4973616e+02
   2.8765787e+02   2.1934874e+02
   2.9087186e+02   2.0583768e+02
   2.9398267e+02   1.9196457e+02
   2.9739188e+02   1.7789386e+02
   3.0084522e+02   1.6378520e+02
   3.0413870e+02   1.4912405e+02
   2.7210348e+02   2.1904535e+02
   2.7510486e+02   2.0524754e+02
   2.7830411e+02   1.9138441e+02
   2.8167892e+02   1.7719235e+02
   2.8494424e+02   1.6302002e+02
   2.8818131e+02   1.4832423e+02
   2.5618124e+02   2.1837531e+02
   2.5927206e+02   2.0488405e+02
   2.6236038e+02   1.9094302e+02
   2.6583643e+02   1.7697040e+02
   2.6897675e+02   1.6235588e+02
   2.7214496e+02   1.4797093e+02
   4.5508038e+02   2.5226152e+02
   4.5912872e+02   2.3800400e+02
   4.6316577e+02   2.2371240e+02
   4.6713840e+02   2.0900096e+02
   4.7168842e+02   1.9432866e+02
   4.7611923e+02   1.7992783e+02
   4.4114316e+02   2.5317953e+02
   4.4500800e+02   2.3893214e+02
   4.4890372e+02   2.2416029e+02
   4.5288779e+02   2.0966805e+02
   4.5695825e+02   1.9484009e+02
   4.6160718e+02   1.8009323e+02
   4.2710434e+02   2.5461772e+02
   4.3073050e+02   2.3997017e+02
   4.3428952e+02   2.2517011e+02
   4.3828699e+02   2.1010562e+02
   4.4212637e+02   1.9512372e+02
   4.4659787e+02   1.8013313e+02
   4.1281738e+02   2.5567337e+02
   4.1617471e+02   2.4079523e+02
   4.1996155e+02   2.2600438e+02
   4.2387402e+02   2.1093474e+02
   4.2738544e+02   1.9573389e+02
   4.3156555e+02   1.8039214e+02
   3.9789108e+02   2.5642053e+02
   4.0139618e+02   2.4189058e+02
   4.0518341e+02   2.2688527e+02
   4.0888382e+02   2.1190651e+02
   4.1274823e+02   1.9669981e+02
   4.1628442e+02   1.8098290e+02
   3.8302270e+02   2.5760419e+02
   3.8653030e+02   2.4266563e+02
   3.9005704e+02   2.2787453e+02
   3.9389926e+02   2.1237730e+02
   3.9732266e+02   1.9714250e+02
   4.0123746e+02   1.8171639e+02
   3.6779858e+02   2.5813510e+02
   3.7109213e+02   2.4318381e+02
   3.7476108e+02   2.2823065e+02
   3.7822174e+02   2.1302063e+02
   3.8195496e+02   1.9772414e+02
   3.8561960e+02   1.8193289e+02
   3.5205832e+02   2.5882196e+02
   3.5530570e+02   2.4374773e+02
   3.5893378e+02   2.2876227e+02
   3.6220850e+02   2.1325027e+02
   3.6590820e+02   1.9783952e+02
   3.6936160e+02   1.8194405e+02
   3.3601898e+02   2.5908173e+02
   3.3928094e+02   2.4413162e+02
   3.4284717e+02   2.2905893e+02
   3.4619135e+02   2.1385586e+02
   3.4970361e+02   1.9803258e+02
   3.5319467e+02   1.8213574e+02
   3.7851703e+02   1.9061877e+02
   3.8216321e+02   1.7720789e+02
   3.8606897e+02   1.6395940e+02
   3.9006699e+02   1.5067493e+02
   3.9429416e+02   1.3700024e+02
   3.9900171e+02   1.2366280e+02
   3.6803955e+02   1.9337616e+02
   3.7169113e+02   1.8010475e+02
   3.7535495e+02   1.6676828e+02
   3.7962354e+02   1.5307861e+02
   3.8385941e+02   1.3967397e+02
   3.8820578e+02   1.2598170e+02
   3.5769489e+02   1.9676886e+02
   3.6088846e+02   1.8310164e+02
   3.6474371e+02   1.6937280e+02
   3.6893149e+02   1.5590384e+02
   3.7293408e+02   1.4210069e+02
   3.7751129e+02   1.2835875e+02
   3.4667404e+02   1.9986250e+02
   3.4998215e+02   1.8591660e+02
   3.5372833e+02   1.7228314e+02
   3.5775583e+02   1.5877335e+02
   3.6206564e+02   1.4487853e+02
   3.6627960e+02   1.3097914e+02
   3.3538068e+02   2.0284041e+02
   3.3885568e+02   1.8904302e+02
   3.4266736e+02   1.7515483e+02
   3.4682901e+02   1.6167313e+02
   3.5100482e+02   1.4773570e+02
   3.5519858e+02   1.3374522e+02
   3.2410120e+02   2.0591028e+02
   3.2752920e+02   1.9214918e+02
   3.3117416e+02   1.7823323e+02
   3.3541022e+02   1.6452490e+02
   3.3950232e+02   1.5065483e+02
   3.4389850e+02   1.3623538e+02
   3.1217294e+02   2.0902313e+02
   3.1592270e+02   1.9533531e+02
   3.1980560e+02   1.8137749e+02
   3.2400168e+02   1.6765536e+02
   3.2794696e+02   1.5335007e+02
   3.3215808e+02   1.3909775e+02
   3.0081119e+02   2.1272672e+02
   3.0431094e+02   1.9870017e+02
   3.0808548e+02   1.8484894e+02
   3.1197043e+02   1.7078387e+02
   3.1603931e+02   1.5630835e+02
   3.2014987e+02   1.4195494e+02
   2.8893042e+02   2.1602750e+02
   2.9251730e+02   2.0232880e+02
   2.9621765e+02   1.8805756e+02
   3.0008108e+02   1.7398587e+02
   3.0409756e+02   1.5958516e+02
   3.0859961e+02   1.4500996e+02
