   1.7396010e+02   1.0200000e+02
   1.6899254e+02   8.7038460e+01
   1.6407538e+02   7.2081467e+01
   1.5899890e+02   5.7059685e+01
   1.5391643e+02   4.2086277e+01
   1.4794913e+02   2.6886259e+01
   1.6100000e+02   1.0281037e+02
   1.5612134e+02   8.7873856e+01
   1.5125214e+02   7.3043472e+01
   1.4607497e+02   5.7965702e+01
   1.4088066e+02   4.2997364e+01
   1.3506769e+02   2.7953287e+01
   1.4890053e+02   1.0303571e+02
   1.4400000e+02   8.8073181e+01
   1.3894360e+02   7.3828239e+01
   1.3378650e+02   5.9003513e+01
   1.2803905e+02   4.3954025e+01
   1.2275333e+02   2.8965479e+01
   1.3685879e+02   1.0312493e+02
   1.3120610e+02   8.8968803e+01
   1.2629763e+02   7.4082375e+01
   1.2102991e+02   5.9871872e+01
   1.1581522e+02   4.4958229e+01
   1.1011090e+02   3.0094566e+01
   1.2411102e+02   1.0390450e+02
   1.1926640e+02   8.9153374e+01
   1.1406976e+02   7.5027519e+01
   1.0896312e+02   6.0866806e+01
   1.0316132e+02   4.5960835e+01
   9.7846931e+01   3.1004930e+01
   1.1213423e+02   1.0410709e+02
   1.0781136e+02   9.0070656e+01
   1.0217189e+02   7.5993393e+01
   9.7043129e+01   6.1176525e+01
   9.1277313e+01   4.7061581e+01
   8.5941704e+01   3.2226646e+01
   1.0007206e+02   1.0500000e+02
   9.5725609e+01   9.0934067e+01
   9.0192657e+01   7.6771095e+01
   8.5038338e+01   6.2115723e+01
   7.9778198e+01   4.7937199e+01
   7.3900841e+01   3.3113869e+01
   8.8949303e+01   1.0590821e+02
   8.3945747e+01   9.1839882e+01
   7.8879478e+01   7.7090347e+01
   7.3144501e+01   6.3110790e+01
   6.7821228e+01   4.9015781e+01
   6.2036079e+01   3.4775314e+01
   7.7854828e+01   1.0605145e+02
   7.2298813e+01   9.2095161e+01
   6.7113121e+01   7.8066330e+01
   6.1302441e+01   6.4171051e+01
   5.6059601e+01   5.0022278e+01
   5.0000824e+01   3.5957890e+01
   1.6964781e+02   1.5984763e+02
   1.6490251e+02   1.4521150e+02
   1.5987975e+02   1.3083595e+02
   1.5490585e+02   1.1597205e+02
   1.5000514e+02   1.0100842e+02
   1.4475339e+02   8.5795113e+01
   1.5531157e+02   1.5902132e+02
   1.5074207e+02   1.4480943e+02
   1.4581273e+02   1.3010490e+02
   1.4080463e+02   1.1536542e+02
   1.3539890e+02   1.0030630e+02
   1.3016054e+02   8.5656746e+01
   1.4127599e+02   1.5813147e+02
   1.3636560e+02   1.4409518e+02
   1.3167921e+02   1.2985721e+02
   1.2633286e+02   1.1509190e+02
   1.2116159e+02   1.0009599e+02
   1.1598267e+02   8.5093285e+01
   1.2775540e+02   1.5775176e+02
   1.2284364e+02   1.4344443e+02
   1.1786221e+02   1.2931928e+02
   1.1265846e+02   1.1484482e+02
   1.0727728e+02   1.0001882e+02
   1.0193890e+02   8.4946358e+01
   1.1463870e+02   1.5692056e+02
   1.0916414e+02   1.4293768e+02
   1.0409671e+02   1.2896318e+02
   9.8759781e+01   1.1416789e+02
   9.3563553e+01   9.9867378e+01
   8.8007034e+01   8.4829948e+01
   1.0152341e+02   1.5577173e+02
   9.6051582e+01   1.4203107e+02
   9.0489960e+01   1.2822270e+02
   8.5241539e+01   1.1401531e+02
   7.9997200e+01   9.9312019e+01
   7.4689827e+01   8.4319695e+01
   8.9049629e+01   1.5414101e+02
   8.3133568e+01   1.4117276e+02
   7.7522797e+01   1.2767513e+02
   7.2172676e+01   1.1329685e+02
   6.6935532e+01   9.8947083e+01
   6.1428268e+01   8.4069115e+01
   7.7088913e+01   1.5296771e+02
   7.1129433e+01   1.4001817e+02
   6.4866470e+01   1.2687109e+02
   5.9123817e+01   1.1299935e+02
   5.3670151e+01   9.8668526e+01
   4.8570221e+01   8.3861244e+01
   6.5824211e+01   1.5094466e+02
   5.9294613e+01   1.3815772e+02
   5.3081394e+01   1.2541456e+02
   4.6367207e+01   1.1221271e+02
   4.0881161e+01   9.8171112e+01
   3.4975346e+01   8.3990120e+01
   1.6292706e+02   1.2778847e+02
   1.5697134e+02   1.1203171e+02
   1.5091425e+02   9.6840736e+01
   1.4482048e+02   8.1102478e+01
   1.3809261e+02   6.5767570e+01
   1.3122949e+02   4.9984085e+01
   1.4983240e+02   1.2879343e+02
   1.4391971e+02   1.1381431e+02
   1.3783885e+02   9.8030220e+01
   1.3122505e+02   8.2918221e+01
   1.2512959e+02   6.7200630e+01
   1.1816584e+02   5.1922657e+01
   1.3694838e+02   1.2997513e+02
   1.3104340e+02   1.1493012e+02
   1.2494350e+02   9.9842796e+01
   1.1872892e+02   8.4775719e+01
   1.1207269e+02   6.9108917e+01
   1.0510331e+02   5.3834511e+01
   1.2421732e+02   1.3099306e+02
   1.1820898e+02   1.1605647e+02
   1.1215615e+02   1.0114188e+02
   1.0589915e+02   8.6050102e+01
   9.9739464e+01   7.0975792e+01
   9.2821213e+01   5.5842564e+01
   1.1205208e+02   1.3207520e+02
   1.0596285e+02   1.1717597e+02
   9.9837006e+01   1.0286036e+02
   9.3182373e+01   8.7923485e+01
   8.6965416e+01   7.2875015e+01
   8.0067429e+01   5.7795639e+01
   9.9799706e+01   1.3377997e+02
   9.3797523e+01   1.1898367e+02
   8.7219215e+01   1.0411135e+02
   8.1004738e+01   8.9220078e+01
   7.4245430e+01   7.4217323e+01
   6.7919312e+01   5.9173569e+01
   8.7130302e+01   1.3492781e+02
   8.1209633e+01   1.2020724e+02
   7.5046394e+01   1.0584140e+02
   6.8856804e+01   9.0941536e+01
   6.2201637e+01   7.6183807e+01
   5.5068401e+01   6.1852375e+01
   7.5192574e+01   1.3616591e+02
   6.9167412e+01   1.2191271e+02
   6.2997902e+01   1.0722299e+02
   5.6812798e+01   9.2905052e+01
   4.9797180e+01   7.8176270e+01
   4.2788868e+01   6.4088463e+01
   6.3839573e+01   1.3774582e+02
   5.7250275e+01   1.2322424e+02
   5.1136314e+01   1.0905376e+02
   4.4210476e+01   9.4881126e+01
   3.7771980e+01   8.0764946e+01
   3.0109161e+01   6.6146011e+01
   1.0615645e+02   1.2422928e+02
   1.0785453e+02   1.4072980e+02
   1.0930325e+02   1.5645692e+02
   1.1104810e+02   1.7207663e+02
   1.1289439e+02   1.8721292e+02
   1.1474114e+02   2.0192925e+02
   1.2226893e+02   1.2842300e+02
   1.2384464e+02   1.4486556e+02
   1.2520416e+02   1.6081578e+02
   1.2691032e+02   1.7617131e+02
   1.2846413e+02   1.9140208e+02
   1.2999547e+02   2.0614148e+02
   1.3887289e+02   1.3272345e+02
   1.3999881e+02   1.4894103e+02
   1.4126271e+02   1.6499497e+02
   1.4274390e+02   1.8067833e+02
   1.4420830e+02   1.9583670e+02
   1.4581946e+02   2.1059174e+02
   1.5525406e+02   1.3683035e+02
   1.5672284e+02   1.5308499e+02
   1.5743539e+02   1.6915260e+02
   1.5895802e+02   1.8491566e+02
   1.6025822e+02   2.0004764e+02
   1.6178087e+02   2.1481071e+02
   1.7212067e+02   1.4091850e+02
   1.7315683e+02   1.5728645e+02
   1.7406032e+02   1.7361621e+02
   1.7520737e+02   1.8917175e+02
   1.7628737e+02   2.0432115e+02
   1.7793927e+02   2.1915895e+02
   1.8920798e+02   1.4509670e+02
   1.9001125e+02   1.6177748e+02
   1.9088277e+02   1.7793784e+02
   1.9188950e+02   1.9386017e+02
   1.9285877e+02   2.0888702e+02
   1.9395358e+02   2.2378722e+02
   2.0673477e+02   1.4918926e+02
   2.0700476e+02   1.6595171e+02
   2.0791501e+02   1.8224826e+02
   2.0832922e+02   1.9824303e+02
   2.0925243e+02   2.1341132e+02
   2.1015034e+02   2.2831073e+02
   2.2405695e+02   1.5339255e+02
   2.2462434e+02   1.7027533e+02
   2.2491922e+02   1.8677673e+02
   2.2519461e+02   2.0265268e+02
   2.2598244e+02   2.1811122e+02
   2.2689854e+02   2.3311204e+02
   2.4270697e+02   1.5733740e+02
   2.4224002e+02   1.7446137e+02
   2.4270193e+02   1.9094171e+02
   2.4284589e+02   2.0703374e+02
   2.4294368e+02   2.2283148e+02
   2.4313556e+02   2.3808304e+02
   1.7466075e+02   2.0599031e+02
   1.7002676e+02   1.9197038e+02
   1.6535110e+02   1.7793092e+02
   1.6081769e+02   1.6319826e+02
   1.5584170e+02   1.4898344e+02
   1.5030692e+02   1.3471553e+02
   1.6001108e+02   2.0585849e+02
   1.5571788e+02   1.9196298e+02
   1.5089706e+02   1.7775281e+02
   1.4608786e+02   1.6323085e+02
   1.4099892e+02   1.4891240e+02
   1.3583292e+02   1.3432391e+02
   1.4592990e+02   2.0579300e+02
   1.4106569e+02   1.9192952e+02
   1.3617766e+02   1.7782165e+02
   1.3140596e+02   1.6327683e+02
   1.2671052e+02   1.4883160e+02
   1.2133727e+02   1.3426616e+02
   1.3176788e+02   2.0532346e+02
   1.2688464e+02   1.9179314e+02
   1.2205129e+02   1.7787067e+02
   1.1708505e+02   1.6325449e+02
   1.1214153e+02   1.4899388e+02
   1.0705512e+02   1.3420830e+02
   1.1786750e+02   2.0500273e+02
   1.1294407e+02   1.9137344e+02
   1.0799630e+02   1.7736595e+02
   1.0298653e+02   1.6328474e+02
   9.7862549e+01   1.4909672e+02
   9.2647903e+01   1.3472302e+02
   1.0425782e+02   2.0433166e+02
   9.9308762e+01   1.9100293e+02
   9.4212746e+01   1.7716676e+02
   8.9157196e+01   1.6318332e+02
   8.3921913e+01   1.4909734e+02
   7.8780540e+01   1.3488003e+02
   9.1295479e+01   2.0387035e+02
   8.6226761e+01   1.9019161e+02
   8.1131653e+01   1.7686731e+02
   7.5855614e+01   1.6291501e+02
   7.0729347e+01   1.4889877e+02
   6.5151283e+01   1.3466348e+02
   7.8597099e+01   2.0280060e+02
   7.3384476e+01   1.8926781e+02
   6.8088020e+01   1.7590048e+02
   6.3037495e+01   1.6203282e+02
   5.7805569e+01   1.4816257e+02
   5.2205677e+01   1.3403090e+02
   6.6285194e+01   2.0183762e+02
   6.0994305e+01   1.8832507e+02
   5.5762733e+01   1.7500545e+02
   5.0116112e+01   1.6174217e+02
   4.4942863e+01   1.4783220e+02
   3.8963470e+01   1.3379018e+02
   1.6616307e+02   2.4494220e+02
   1.6111823e+02   2.2996378e+02
   1.5562511e+02   2.1491489e+02
   1.5007098e+02   1.9925809e+02
   1.4419144e+02   1.8395880e+02
   1.3821765e+02   1.6804990e+02
   1.5084004e+02   2.4418073e+02
   1.4525194e+02   2.2924860e+02
   1.3994185e+02   2.1407031e+02
   1.3421805e+02   1.9897519e+02
   1.2875880e+02   1.8314471e+02
   1.2233193e+02   1.6785240e+02
   1.3566180e+02   2.4387735e+02
   1.2987497e+02   2.2894432e+02
   1.2431133e+02   2.1394800e+02
   1.1889531e+02   1.9830216e+02
   1.1303942e+02   1.8295903e+02
   1.0693706e+02   1.6721396e+02
   1.2021678e+02   2.4299312e+02
   1.1481095e+02   2.2818695e+02
   1.0901260e+02   2.1318892e+02
   1.0326232e+02   1.9802414e+02
   9.7654251e+01   1.8276761e+02
   9.1390549e+01   1.6701544e+02
   1.0568398e+02   2.4208226e+02
   9.9877144e+01   2.2781760e+02
   9.4028221e+01   2.1294309e+02
   8.8197670e+01   1.9791750e+02
   8.2144012e+01   1.8280856e+02
   7.6104279e+01   1.6690721e+02
   9.0945557e+01   2.4118089e+02
   8.5201431e+01   2.2696233e+02
   7.9227318e+01   2.1214148e+02
   7.3241264e+01   1.9719862e+02
   6.7267807e+01   1.8211360e+02
   6.1105995e+01   1.6695450e+02
   7.6917259e+01   2.4003954e+02
   7.1037430e+01   2.2597871e+02
   6.4998077e+01   2.1118098e+02
   5.8979454e+01   1.9682213e+02
   5.2957756e+01   1.8178371e+02
   4.6500175e+01   1.6622131e+02
   6.3191422e+01   2.3901100e+02
   5.7297718e+01   2.2497176e+02
   5.1082024e+01   2.1057359e+02
   4.5205555e+01   1.9593196e+02
   3.8947540e+01   1.8096935e+02
   3.2609734e+01   1.6589365e+02
   4.9939888e+01   2.3781867e+02
   4.3867901e+01   2.2384137e+02
   3.7706238e+01   2.0936250e+02
   3.1225805e+01   1.9520094e+02
   2.4934542e+01   1.8015680e+02
   1.8096947e+01   1.6579521e+02
   2.0001360e+02   1.7814076e+02
   1.9597400e+02   1.6377092e+02
   1.9204504e+02   1.4887976e+02
   1.8797946e+02   1.3401662e+02
   1.8398291e+02   1.1908218e+02
   1.7936202e+02   1.0412166e+02
   1.8396648e+02   1.8112416e+02
   1.7984677e+02   1.6681889e+02
   1.7583325e+02   1.5200972e+02
   1.7172582e+02   1.3717154e+02
   1.6717966e+02   1.2217381e+02
   1.6293001e+02   1.0731859e+02
   1.6791733e+02   1.8424913e+02
   1.6379302e+02   1.6989270e+02
   1.5928264e+02   1.5508681e+02
   1.5502411e+02   1.4071301e+02
   1.5085089e+02   1.2582085e+02
   1.4617557e+02   1.1088989e+02
   1.5185149e+02   1.8775461e+02
   1.4766841e+02   1.7300008e+02
   1.4312015e+02   1.5817868e+02
   1.3886974e+02   1.4387418e+02
   1.3413277e+02   1.2905289e+02
   1.2983427e+02   1.1408595e+02
   1.3588879e+02   1.9076857e+02
   1.3138876e+02   1.7612083e+02
   1.2710161e+02   1.6174795e+02
   1.2230627e+02   1.4712328e+02
   1.1791322e+02   1.3223181e+02
   1.1303759e+02   1.1781072e+02
   1.1991558e+02   1.9390137e+02
   1.1568479e+02   1.7921623e+02
   1.1094996e+02   1.6495392e+02
   1.0613256e+02   1.5023399e+02
   1.0162074e+02   1.3589014e+02
   9.6762268e+01   1.2096648e+02
   1.0410328e+02   1.9685460e+02
   9.9597862e+01   1.8268727e+02
   9.4900574e+01   1.6807533e+02
   8.9990227e+01   1.5388062e+02
   8.5097748e+01   1.3903523e+02
   8.0102097e+01   1.2418777e+02
   8.8168533e+01   2.0006007e+02
   8.3729919e+01   1.8590344e+02
   7.8812668e+01   1.7169679e+02
   7.3924568e+01   1.5701175e+02
   6.8897621e+01   1.4229361e+02
   6.3876152e+01   1.2780451e+02
   7.2667946e+01   2.0318115e+02
   6.7820702e+01   1.8907491e+02
   6.2811127e+01   1.7491980e+02
   5.7753487e+01   1.6063165e+02
   5.2760101e+01   1.4592690e+02
   4.7233463e+01   1.3113690e+02
