   1.9656186e+02   1.9226473e+02
   1.9376529e+02   1.7780382e+02
   1.9097914e+02   1.6312962e+02
   1.8866934e+02   1.4841518e+02
   1.8608232e+02   1.3310722e+02
   1.8382179e+02   1.1766788e+02
   2.0878389e+02   1.9660150e+02
   2.0628494e+02   1.8211209e+02
   2.0371137e+02   1.6725230e+02
   2.0111543e+02   1.5222878e+02
   1.9874503e+02   1.3688750e+02
   1.9631624e+02   1.2132015e+02
   2.2118990e+02   2.0087642e+02
   2.1877962e+02   1.8621927e+02
   2.1641184e+02   1.7149725e+02
   2.1391930e+02   1.5613049e+02
   2.1156448e+02   1.4062666e+02
   2.0919321e+02   1.2522049e+02
   2.3389900e+02   2.0519722e+02
   2.3150703e+02   1.9041197e+02
   2.2912994e+02   1.7571472e+02
   2.2690428e+02   1.6014099e+02
   2.2471185e+02   1.4484686e+02
   2.2247299e+02   1.2916511e+02
   2.4696849e+02   2.0932770e+02
   2.4464444e+02   1.9506862e+02
   2.4246628e+02   1.7973500e+02
   2.4016597e+02   1.6455269e+02
   2.3792549e+02   1.4879181e+02
   2.3591165e+02   1.3291214e+02
   2.6024652e+02   2.1402260e+02
   2.5797711e+02   1.9916495e+02
   2.5583281e+02   1.8415984e+02
   2.5375362e+02   1.6859752e+02
   2.5171434e+02   1.5291306e+02
   2.4953149e+02   1.3674721e+02
   2.7395987e+02   2.1858226e+02
   2.7175122e+02   2.0374898e+02
   2.6952454e+02   1.8849200e+02
   2.6766574e+02   1.7299805e+02
   2.6545926e+02   1.5709814e+02
   2.6371890e+02   1.4108228e+02
   2.8790488e+02   2.2312071e+02
   2.8550897e+02   2.0839265e+02
   2.8373001e+02   1.9298515e+02
   2.8170230e+02   1.7720270e+02
   2.7982873e+02   1.6125441e+02
   2.7809833e+02   1.4493159e+02
   3.0163648e+02   2.2792433e+02
   2.9981754e+02   2.1289444e+02
   2.9766229e+02   1.9730994e+02
   2.9610971e+02   1.8167510e+02
   2.9454721e+02   1.6543205e+02
   2.9300613e+02   1.4890433e+02
   2.3017519e+02   1.7407704e+02
   2.2743475e+02   1.5994871e+02
   2.2473979e+02   1.4555861e+02
   2.2199905e+02   1.3114748e+02
   2.1929718e+02   1.1636245e+02
   2.1658157e+02   1.0143541e+02
   2.4235078e+02   1.7629755e+02
   2.3979651e+02   1.6200301e+02
   2.3692735e+02   1.4758699e+02
   2.3422394e+02   1.3287189e+02
   2.3165878e+02   1.1806712e+02
   2.2899670e+02   1.0308696e+02
   2.5485046e+02   1.7828069e+02
   2.5218082e+02   1.6404901e+02
   2.4950842e+02   1.4946451e+02
   2.4688165e+02   1.3472160e+02
   2.4411852e+02   1.1984771e+02
   2.4144742e+02   1.0490701e+02
   2.6729358e+02   1.8064822e+02
   2.6493131e+02   1.6604030e+02
   2.6226550e+02   1.5141629e+02
   2.5966861e+02   1.3669669e+02
   2.5679736e+02   1.2169058e+02
   2.5411144e+02   1.0669374e+02
   2.7982834e+02   1.8296617e+02
   2.7772348e+02   1.6831990e+02
   2.7518539e+02   1.5342934e+02
   2.7249884e+02   1.3853900e+02
   2.6981152e+02   1.2356168e+02
   2.6704489e+02   1.0828839e+02
   2.9232166e+02   1.8552017e+02
   2.9009888e+02   1.7083409e+02
   2.8800748e+02   1.5580484e+02
   2.8553781e+02   1.4063361e+02
   2.8292102e+02   1.2531112e+02
   2.8025922e+02   1.1031128e+02
   3.0487122e+02   1.8822310e+02
   3.0325824e+02   1.7314191e+02
   3.0115823e+02   1.5797183e+02
   2.9883313e+02   1.4278525e+02
   2.9584366e+02   1.2752882e+02
   2.9329758e+02   1.1212122e+02
   3.1717734e+02   1.9130312e+02
   3.1580924e+02   1.7585335e+02
   3.1439639e+02   1.6024675e+02
   3.1214832e+02   1.4495563e+02
   3.0929633e+02   1.2982439e+02
   3.0699725e+02   1.1411003e+02
   3.2959482e+02   1.9448354e+02
   3.2865750e+02   1.7897545e+02
   3.2709097e+02   1.6314575e+02
   3.2605377e+02   1.4714107e+02
   3.2364926e+02   1.3183066e+02
   3.2128952e+02   1.1536887e+02
   2.1522731e+02   1.6325465e+02
   2.1338792e+02   1.4969791e+02
   2.1196675e+02   1.3570209e+02
   2.1021939e+02   1.2109544e+02
   2.0900365e+02   1.0621923e+02
   2.0784850e+02   9.1405762e+01
   2.2802626e+02   1.6759645e+02
   2.2661844e+02   1.5348402e+02
   2.2503162e+02   1.3929011e+02
   2.2338547e+02   1.2489592e+02
   2.2213902e+02   1.1002782e+02
   2.2100635e+02   9.4974297e+01
   2.4113699e+02   1.7138902e+02
   2.3981361e+02   1.5764046e+02
   2.3840999e+02   1.4318176e+02
   2.3700008e+02   1.2867870e+02
   2.3576511e+02   1.1384886e+02
   2.3434959e+02   9.8766899e+01
   2.5443344e+02   1.7570927e+02
   2.5304361e+02   1.6132877e+02
   2.5190533e+02   1.4722720e+02
   2.5055310e+02   1.3248560e+02
   2.4922191e+02   1.1763692e+02
   2.4816480e+02   1.0234562e+02
   2.6811459e+02   1.7970085e+02
   2.6688226e+02   1.6566835e+02
   2.6568976e+02   1.5101610e+02
   2.6432217e+02   1.3638203e+02
   2.6321185e+02   1.2138441e+02
   2.6205872e+02   1.0626035e+02
   2.8203894e+02   1.8362154e+02
   2.8085394e+02   1.6971300e+02
   2.7970972e+02   1.5507100e+02
   2.7850241e+02   1.4043744e+02
   2.7727054e+02   1.2536528e+02
   2.7623196e+02   1.1010977e+02
   2.9622144e+02   1.8738954e+02
   2.9504510e+02   1.7336278e+02
   2.9392551e+02   1.5900255e+02
   2.9294489e+02   1.4428400e+02
   2.9182196e+02   1.2909580e+02
   2.9098288e+02   1.1379823e+02
   3.1074020e+02   1.9163495e+02
   3.0945703e+02   1.7751018e+02
   3.0839014e+02   1.6280231e+02
   3.0760315e+02   1.4802799e+02
   3.0699347e+02   1.3272739e+02
   3.0620181e+02   1.1718003e+02
   3.2518936e+02   1.9599301e+02
   3.2419446e+02   1.8130830e+02
   3.2368970e+02   1.6705241e+02
   3.2289285e+02   1.5197290e+02
   3.2205029e+02   1.3665381e+02
   3.2188165e+02   1.2071923e+02
   2.5295364e+02   6.8004707e+01
   2.5892810e+02   8.1806808e+01
   2.6439105e+02   9.5194832e+01
   2.6992734e+02   1.0885032e+02
   2.7521954e+02   1.2232214e+02
   2.8045371e+02   1.3580988e+02
   2.4179862e+02   7.0001251e+01
   2.4759525e+02   8.3283493e+01
   2.5311340e+02   9.6862915e+01
   2.5864880e+02   1.1026509e+02
   2.6395807e+02   1.2392744e+02
   2.6902234e+02   1.3716476e+02
   2.3058489e+02   7.1717377e+01
   2.3634273e+02   8.5081932e+01
   2.4197415e+02   9.8675049e+01
   2.4733641e+02   1.1187289e+02
   2.5247977e+02   1.2517562e+02
   2.5760266e+02   1.3858894e+02
   2.1966464e+02   7.3475052e+01
   2.2549561e+02   8.6842743e+01
   2.3096530e+02   1.0008045e+02
   2.3636122e+02   1.1334920e+02
   2.4152048e+02   1.2674657e+02
   2.4674101e+02   1.3998616e+02
   2.0914406e+02   7.5347282e+01
   2.1473189e+02   8.8829124e+01
   2.2002728e+02   1.0185678e+02
   2.2566937e+02   1.1499417e+02
   2.3092186e+02   1.2813864e+02
   2.3581395e+02   1.4115318e+02
   1.9819563e+02   7.7080666e+01
   2.0400279e+02   9.0311256e+01
   2.0948811e+02   1.0331674e+02
   2.1481470e+02   1.1656394e+02
   2.2004518e+02   1.2975172e+02
   2.2522810e+02   1.4250571e+02
   1.8787543e+02   7.9065697e+01
   1.9362886e+02   9.2077148e+01
   1.9902617e+02   1.0499670e+02
   2.0437018e+02   1.1795209e+02
   2.0974359e+02   1.3089778e+02
   2.1480707e+02   1.4383896e+02
   1.7732785e+02   8.0884262e+01
   1.8293747e+02   9.3924919e+01
   1.8860945e+02   1.0672290e+02
   1.9417880e+02   1.1945714e+02
   1.9931506e+02   1.3205290e+02
   2.0463179e+02   1.4494031e+02
   1.6692320e+02   8.2956749e+01
   1.7280588e+02   9.5852562e+01
   1.7815450e+02   1.0837181e+02
   1.8393718e+02   1.2104555e+02
   1.8926916e+02   1.3341812e+02
   1.9474933e+02   1.4610556e+02
   2.5007225e+02   2.0609415e+02
   2.4705774e+02   1.9289059e+02
   2.4433215e+02   1.7934592e+02
   2.4120406e+02   1.6579352e+02
   2.3856319e+02   1.5177399e+02
   2.3590219e+02   1.3730873e+02
   2.6279181e+02   2.0797255e+02
   2.5981906e+02   1.9468822e+02
   2.5703796e+02   1.8106363e+02
   2.5427603e+02   1.6739055e+02
   2.5127461e+02   1.5333624e+02
   2.4879132e+02   1.3899803e+02
   2.7563333e+02   2.0961772e+02
   2.7298657e+02   1.9627768e+02
   2.7002695e+02   1.8276885e+02
   2.6710406e+02   1.6884084e+02
   2.6427631e+02   1.5497967e+02
   2.6172125e+02   1.4044635e+02
   2.8865109e+02   2.1145921e+02
   2.8605417e+02   1.9803613e+02
   2.8327176e+02   1.8419032e+02
   2.8041934e+02   1.7038512e+02
   2.7769733e+02   1.5635815e+02
   2.7487540e+02   1.4208758e+02
   3.0183408e+02   2.1351691e+02
   2.9916275e+02   1.9981418e+02
   2.9672855e+02   1.8599275e+02
   2.9403076e+02   1.7204623e+02
   2.9119888e+02   1.5794963e+02
   2.8853314e+02   1.4368182e+02
   3.1494217e+02   2.1575406e+02
   3.1255746e+02   2.0184999e+02
   3.0988980e+02   1.8800346e+02
   3.0728680e+02   1.7400824e+02
   3.0481857e+02   1.5969849e+02
   3.0229169e+02   1.4520638e+02
   3.2801508e+02   2.1806044e+02
   3.2582867e+02   2.0422559e+02
   3.2330164e+02   1.9033279e+02
   3.2075619e+02   1.7590666e+02
   3.1824777e+02   1.6182739e+02
   3.1574417e+02   1.4701897e+02
   3.4114624e+02   2.2086626e+02
   3.3892844e+02   2.0686722e+02
   3.3672247e+02   1.9262797e+02
   3.3428708e+02   1.7836821e+02
   3.3179334e+02   1.6385185e+02
   3.2923163e+02   1.4906491e+02
   3.5417044e+02   2.2372144e+02
   3.5219992e+02   2.0935602e+02
   3.5009994e+02   1.9527544e+02
   3.4782278e+02   1.8078404e+02
   3.4557040e+02   1.6594655e+02
   3.4319260e+02   1.5117667e+02
   2.4734087e+02   1.4730388e+02
   2.4530589e+02   1.3415008e+02
   2.4326183e+02   1.2081079e+02
   2.4129990e+02   1.0720976e+02
   2.3958466e+02   9.3454147e+01
   2.3780481e+02   7.9593575e+01
   2.5919315e+02   1.4920412e+02
   2.5712143e+02   1.3586417e+02
   2.5528738e+02   1.2237004e+02
   2.5329961e+02   1.0887024e+02
   2.5143671e+02   9.5023491e+01
   2.4983142e+02   8.0982346e+01
   2.7127310e+02   1.5094513e+02
   2.6965463e+02   1.3771323e+02
   2.6772696e+02   1.2409432e+02
   2.6573523e+02   1.1031091e+02
   2.6368610e+02   9.6555962e+01
   2.6204138e+02   8.2432732e+01
   2.8375201e+02   1.5272974e+02
   2.8194367e+02   1.3922041e+02
   2.8005380e+02   1.2568118e+02
   2.7806134e+02   1.1201475e+02
   2.7619623e+02   9.8027016e+01
   2.7429794e+02   8.4014503e+01
   2.9599152e+02   1.5476355e+02
   2.9428027e+02   1.4102382e+02
   2.9269867e+02   1.2743169e+02
   2.9085693e+02   1.1357783e+02
   2.8911856e+02   9.9473572e+01
   2.8710730e+02   8.5314964e+01
   3.0840070e+02   1.5663153e+02
   3.0683606e+02   1.4296930e+02
   3.0520404e+02   1.2916785e+02
   3.0351663e+02   1.1517131e+02
   3.0178909e+02   1.0103662e+02
   3.0001645e+02   8.6844376e+01
   3.2076007e+02   1.5880823e+02
   3.1909628e+02   1.4484209e+02
   3.1787326e+02   1.3125890e+02
   3.1618704e+02   1.1711465e+02
   3.1459296e+02   1.0273298e+02
   3.1287619e+02   8.8602325e+01
   3.3315341e+02   1.6097043e+02
   3.3204700e+02   1.4712987e+02
   3.3039041e+02   1.3303270e+02
   3.2890115e+02   1.1889341e+02
   3.2738135e+02   1.0474026e+02
   3.2602466e+02   9.0226891e+01
   3.4601190e+02   1.6316449e+02
   3.4471841e+02   1.4924992e+02
   3.4357300e+02   1.3526146e+02
   3.4200473e+02   1.2094401e+02
   3.4033139e+02   1.0642708e+02
   3.3920105e+02   9.1906311e+01
   2.1426718e+02   2.0625890e+02
   2.1087465e+02   1.9310143e+02
   2.0765315e+02   1.7996774e+02
   2.0398982e+02   1.6612567e+02
   2.0100488e+02   1.5217877e+02
   1.9764536e+02   1.3787804e+02
   2.2920653e+02   2.0507487e+02
   2.2592160e+02   1.9200067e+02
   2.2269220e+02   1.7854210e+02
   2.1949820e+02   1.6480708e+02
   2.1609766e+02   1.5081332e+02
   2.1304146e+02   1.3632497e+02
   2.4418173e+02   2.0384702e+02
   2.4104279e+02   1.9081477e+02
   2.3795213e+02   1.7719501e+02
   2.3472028e+02   1.6322856e+02
   2.3164110e+02   1.4936319e+02
   2.2834496e+02   1.3486642e+02
   2.5942108e+02   2.0263225e+02
   2.5620474e+02   1.8931317e+02
   2.5321062e+02   1.7586723e+02
   2.5012187e+02   1.6199902e+02
   2.4721243e+02   1.4788507e+02
   2.4411562e+02   1.3330573e+02
   2.7485568e+02   2.0110640e+02
   2.7171698e+02   1.8808019e+02
   2.6862302e+02   1.7445117e+02
   2.6577728e+02   1.6040216e+02
   2.6291074e+02   1.4618541e+02
   2.5988123e+02   1.3185707e+02
   2.8996530e+02   2.0001372e+02
   2.8697861e+02   1.8682187e+02
   2.8417709e+02   1.7307530e+02
   2.8128183e+02   1.5906354e+02
   2.7867041e+02   1.4478548e+02
   2.7586261e+02   1.3014336e+02
   3.0518842e+02   1.9891954e+02
   3.0236804e+02   1.8521083e+02
   2.9990091e+02   1.7168596e+02
   2.9707855e+02   1.5731532e+02
   2.9443491e+02   1.4312300e+02
   2.9161453e+02   1.2850323e+02
   3.2072476e+02   1.9715683e+02
   3.1815866e+02   1.8413422e+02
   3.1574945e+02   1.6997624e+02
   3.1301260e+02   1.5595285e+02
   3.1026981e+02   1.4174185e+02
   3.0777707e+02   1.2705561e+02
   3.3628278e+02   1.9604788e+02
   3.3404956e+02   1.8262598e+02
   3.3152621e+02   1.6841571e+02
   3.2897583e+02   1.5421338e+02
   3.2627152e+02   1.3994389e+02
   3.2388193e+02   1.2518656e+02
