   2.6390594e+02   1.9301578e+02
   2.6981772e+02   1.7802373e+02
   2.7583658e+02   1.6275905e+02
   2.8192389e+02   1.4703134e+02
   2.8805924e+02   1.3114075e+02
   2.9405054e+02   1.1503172e+02
   2.8006747e+02   1.9695601e+02
   2.8606973e+02   1.8199419e+02
   2.9206277e+02   1.6682015e+02
   2.9829199e+02   1.5110556e+02
   3.0473498e+02   1.3529123e+02
   3.1086569e+02   1.1970431e+02
   2.9618481e+02   2.0042064e+02
   3.0233734e+02   1.8593869e+02
   3.0859909e+02   1.7080589e+02
   3.1483704e+02   1.5515277e+02
   3.2103195e+02   1.3981682e+02
   3.2731537e+02   1.2395211e+02
   3.1220511e+02   2.0463634e+02
   3.1817255e+02   1.8989475e+02
   3.2480878e+02   1.7432689e+02
   3.3106290e+02   1.5913882e+02
   3.3723172e+02   1.4385159e+02
   3.4387213e+02   1.2808322e+02
   3.2807791e+02   2.0797362e+02
   3.3426413e+02   1.9314932e+02
   3.4077985e+02   1.7864706e+02
   3.4701614e+02   1.6310803e+02
   3.5329294e+02   1.4795204e+02
   3.6001462e+02   1.3223334e+02
   3.4371866e+02   2.1126218e+02
   3.5002860e+02   1.9698366e+02
   3.5666193e+02   1.8214040e+02
   3.6291031e+02   1.6703644e+02
   3.6903662e+02   1.5189761e+02
   3.7581973e+02   1.3670460e+02
   3.5899536e+02   2.1495070e+02
   3.6522766e+02   2.0071349e+02
   3.7191834e+02   1.8596001e+02
   3.7819223e+02   1.7098689e+02
   3.8486948e+02   1.5596552e+02
   3.9133716e+02   1.4077400e+02
   3.7407166e+02   2.1803679e+02
   3.8088681e+02   2.0405060e+02
   3.8710010e+02   1.8976979e+02
   3.9380106e+02   1.7491795e+02
   4.0016757e+02   1.5985596e+02
   4.0683371e+02   1.4462796e+02
   3.8913123e+02   2.2184271e+02
   3.9591763e+02   2.0731284e+02
   4.0220196e+02   1.9309450e+02
   4.0897229e+02   1.7813997e+02
   4.1529395e+02   1.6325072e+02
   4.2190527e+02   1.4802971e+02
   2.1302177e+02   1.7492430e+02
   2.1689726e+02   1.5994215e+02
   2.2035767e+02   1.4486914e+02
   2.2422844e+02   1.2910016e+02
   2.2828815e+02   1.1381587e+02
   2.3230916e+02   9.7985237e+01
   2.2891002e+02   1.7688232e+02
   2.3279376e+02   1.6190419e+02
   2.3686482e+02   1.4678131e+02
   2.4062622e+02   1.3160429e+02
   2.4472766e+02   1.1595016e+02
   2.4836777e+02   1.0021522e+02
   2.4440027e+02   1.7839581e+02
   2.4830309e+02   1.6369301e+02
   2.5233833e+02   1.4843527e+02
   2.5666180e+02   1.3321309e+02
   2.6029642e+02   1.1808012e+02
   2.6498498e+02   1.0278597e+02
   2.6001950e+02   1.8008414e+02
   2.6401346e+02   1.6522693e+02
   2.6801685e+02   1.5026317e+02
   2.7212097e+02   1.3527992e+02
   2.7630100e+02   1.2005826e+02
   2.8067581e+02   1.0498726e+02
   2.7536652e+02   1.8213405e+02
   2.7919949e+02   1.6709227e+02
   2.8346124e+02   1.5240668e+02
   2.8774185e+02   1.3730971e+02
   2.9196551e+02   1.2227721e+02
   2.9619595e+02   1.0710380e+02
   2.9090320e+02   1.8405637e+02
   2.9491748e+02   1.6918605e+02
   2.9880145e+02   1.5424661e+02
   3.0307507e+02   1.3931720e+02
   3.0763937e+02   1.2437619e+02
   3.1193207e+02   1.0970094e+02
   3.0612360e+02   1.8618083e+02
   3.0990018e+02   1.7117099e+02
   3.1401529e+02   1.5630171e+02
   3.1809549e+02   1.4134468e+02
   3.2300409e+02   1.2696201e+02
   3.2729028e+02   1.1190882e+02
   3.2164661e+02   1.8826532e+02
   3.2560919e+02   1.7375147e+02
   3.2937671e+02   1.5857109e+02
   3.3365540e+02   1.4370055e+02
   3.3808447e+02   1.2905283e+02
   3.4279593e+02   1.1423005e+02
   3.3692996e+02   1.9104698e+02
   3.4076148e+02   1.7600967e+02
   3.4468353e+02   1.6101729e+02
   3.4872583e+02   1.4594977e+02
   3.5306412e+02   1.3097369e+02
   3.5712558e+02   1.1593697e+02
   2.3023085e+02   1.5986569e+02
   2.3699370e+02   1.4580035e+02
   2.4323384e+02   1.3097078e+02
   2.4996280e+02   1.1614367e+02
   2.5618918e+02   1.0104377e+02
   2.6300186e+02   8.5880829e+01
   2.4594527e+02   1.6399640e+02
   2.5223169e+02   1.4941338e+02
   2.5895908e+02   1.3503513e+02
   2.6575070e+02   1.2067514e+02
   2.7203336e+02   1.0579386e+02
   2.7875357e+02   9.0613586e+01
   2.6111710e+02   1.6791527e+02
   2.6787366e+02   1.5324648e+02
   2.7410959e+02   1.3921423e+02
   2.8093967e+02   1.2494005e+02
   2.8720569e+02   1.1001962e+02
   2.9405966e+02   9.4908813e+01
   2.7607452e+02   1.7184499e+02
   2.8280041e+02   1.5782947e+02
   2.8916034e+02   1.4377725e+02
   2.9600629e+02   1.2901216e+02
   3.0284662e+02   1.1422026e+02
   3.0920871e+02   9.9777420e+01
   2.9092218e+02   1.7524835e+02
   2.9724478e+02   1.6179195e+02
   3.0409512e+02   1.4729892e+02
   3.1095331e+02   1.3317606e+02
   3.1777820e+02   1.1892554e+02
   3.2475308e+02   1.0404582e+02
   3.0523566e+02   1.7905922e+02
   3.1215164e+02   1.6525446e+02
   3.1901267e+02   1.5118721e+02
   3.2579111e+02   1.3725264e+02
   3.3284259e+02   1.2305885e+02
   3.3924655e+02   1.0844166e+02
   3.1977048e+02   1.8281001e+02
   3.2678009e+02   1.6902789e+02
   3.3321448e+02   1.5515962e+02
   3.4010785e+02   1.4116409e+02
   3.4705475e+02   1.2706873e+02
   3.5398230e+02   1.1286424e+02
   3.3396951e+02   1.8603677e+02
   3.4079907e+02   1.7294650e+02
   3.4771442e+02   1.5904262e+02
   3.5422855e+02   1.4509088e+02
   3.6104269e+02   1.3097020e+02
   3.6798279e+02   1.1681635e+02
   3.4801794e+02   1.8992188e+02
   3.5485370e+02   1.7617261e+02
   3.6180542e+02   1.6290173e+02
   3.6815503e+02   1.4895700e+02
   3.7510010e+02   1.3486916e+02
   3.8197256e+02   1.2014068e+02
   2.0401663e+02   6.0210800e+01
   2.0330365e+02   7.4597450e+01
   2.0288774e+02   8.9019257e+01
   2.0205827e+02   1.0313126e+02
   2.0143004e+02   1.1732945e+02
   2.0098248e+02   1.3119873e+02
   1.8814639e+02   6.1112873e+01
   1.8734738e+02   7.5925896e+01
   1.8697224e+02   9.0164536e+01
   1.8668779e+02   1.0435378e+02
   1.8613879e+02   1.1853848e+02
   1.8576865e+02   1.3284515e+02
   1.7197098e+02   6.2144543e+01
   1.7127608e+02   7.6826447e+01
   1.7101875e+02   9.1233780e+01
   1.7091126e+02   1.0572095e+02
   1.7038621e+02   1.1998226e+02
   1.7014781e+02   1.3410216e+02
   1.5576477e+02   6.3272171e+01
   1.5521916e+02   7.8025696e+01
   1.5498732e+02   9.2354530e+01
   1.5493095e+02   1.0690599e+02
   1.5482619e+02   1.2121604e+02
   1.5474731e+02   1.3560138e+02
   1.3926135e+02   6.4225418e+01
   1.3903012e+02   7.9035576e+01
   1.3894220e+02   9.3836304e+01
   1.3896719e+02   1.0805706e+02
   1.3887022e+02   1.2276751e+02
   1.3894272e+02   1.3682106e+02
   1.2288416e+02   6.5227806e+01
   1.2288518e+02   8.0117691e+01
   1.2289139e+02   9.4835083e+01
   1.2276621e+02   1.0952229e+02
   1.2294401e+02   1.2395373e+02
   1.2298023e+02   1.3815204e+02
   1.0604215e+02   6.6728828e+01
   1.0626173e+02   8.1575218e+01
   1.0627920e+02   9.6082108e+01
   1.0672698e+02   1.1032175e+02
   1.0682507e+02   1.2507733e+02
   1.0685683e+02   1.3940216e+02
   8.9408722e+01   6.7797020e+01
   8.9804451e+01   8.2988983e+01
   8.9852036e+01   9.7299942e+01
   9.0105270e+01   1.1207999e+02
   9.0352913e+01   1.2652551e+02
   9.0806076e+01   1.4092484e+02
   7.2778923e+01   6.9301682e+01
   7.2940331e+01   8.4194397e+01
   7.3150627e+01   9.9082184e+01
   7.3363853e+01   1.1354922e+02
   7.3903717e+01   1.2803259e+02
   7.4213593e+01   1.4207225e+02
   2.0173262e+02   2.0892102e+02
   2.0528758e+02   1.9487418e+02
   2.0925545e+02   1.8079952e+02
   2.1326543e+02   1.6598724e+02
   2.1724104e+02   1.5121324e+02
   2.2086160e+02   1.3606059e+02
   2.1676329e+02   2.0988268e+02
   2.2063207e+02   1.9592825e+02
   2.2445097e+02   1.8183801e+02
   2.2866931e+02   1.6769547e+02
   2.3275865e+02   1.5294618e+02
   2.3678603e+02   1.3788951e+02
   2.3163446e+02   2.1062140e+02
   2.3519897e+02   1.9687770e+02
   2.3969510e+02   1.8283983e+02
   2.4379217e+02   1.6869978e+02
   2.4799037e+02   1.5417081e+02
   2.5187546e+02   1.3935361e+02
   2.4603339e+02   2.1115881e+02
   2.5011040e+02   1.9773930e+02
   2.5414561e+02   1.8382625e+02
   2.5836005e+02   1.6986711e+02
   2.6278696e+02   1.5567377e+02
   2.6706824e+02   1.4110371e+02
   2.6061749e+02   2.1248760e+02
   2.6482620e+02   1.9879596e+02
   2.6888153e+02   1.8489149e+02
   2.7310306e+02   1.7095360e+02
   2.7766394e+02   1.5683940e+02
   2.8191333e+02   1.4264371e+02
   2.7491095e+02   2.1313969e+02
   2.7918347e+02   1.9989090e+02
   2.8334094e+02   1.8595306e+02
   2.8782724e+02   1.7215729e+02
   2.9206268e+02   1.5808510e+02
   2.9632568e+02   1.4391167e+02
   2.8962360e+02   2.1479614e+02
   2.9378088e+02   2.0107011e+02
   2.9805158e+02   1.8775575e+02
   3.0219995e+02   1.7383859e+02
   3.0677625e+02   1.5990613e+02
   3.1107425e+02   1.4583951e+02
   3.0388138e+02   2.1610915e+02
   3.0807672e+02   2.0291083e+02
   3.1261151e+02   1.8908266e+02
   3.1692487e+02   1.7576991e+02
   3.2139111e+02   1.6168922e+02
   3.2605859e+02   1.4737212e+02
   3.1807877e+02   2.1799107e+02
   3.2278458e+02   2.0430223e+02
   3.2700406e+02   1.9099774e+02
   3.3165301e+02   1.7713174e+02
   3.3602820e+02   1.6328929e+02
   3.4053723e+02   1.4936662e+02
   1.3932918e+02   1.4092453e+02
   1.4383327e+02   1.2775552e+02
   1.4781026e+02   1.1422859e+02
   1.5185109e+02   1.0087702e+02
   1.5592819e+02   8.6831619e+01
   1.5999220e+02   7.2244904e+01
   1.5410965e+02   1.4201256e+02
   1.5821590e+02   1.2911456e+02
   1.6270384e+02   1.1595407e+02
   1.6689688e+02   1.0228875e+02
   1.7097977e+02   8.8868698e+01
   1.7509851e+02   7.4752060e+01
   1.6872839e+02   1.4318839e+02
   1.7286539e+02   1.3005966e+02
   1.7718301e+02   1.1716531e+02
   1.8132175e+02   1.0392622e+02
   1.8599481e+02   9.0775917e+01
   1.9008998e+02   7.6864723e+01
   1.8283983e+02   1.4420491e+02
   1.8721352e+02   1.3134860e+02
   1.9180002e+02   1.1873595e+02
   1.9603181e+02   1.0528542e+02
   2.0022966e+02   9.2063492e+01
   2.0495589e+02   7.8713730e+01
   1.9699963e+02   1.4582555e+02
   2.0139092e+02   1.3294328e+02
   2.0589497e+02   1.2014527e+02
   2.1008727e+02   1.0698765e+02
   2.1473659e+02   9.3945351e+01
   2.1926111e+02   8.0223343e+01
   2.1106603e+02   1.4699495e+02
   2.1560786e+02   1.3469487e+02
   2.1997685e+02   1.2176912e+02
   2.2427963e+02   1.0877274e+02
   2.2904326e+02   9.5226151e+01
   2.3377130e+02   8.2132278e+01
   2.2506142e+02   1.4882063e+02
   2.2928224e+02   1.3602959e+02
   2.3389543e+02   1.2367169e+02
   2.3857095e+02   1.1032434e+02
   2.4321124e+02   9.7166084e+01
   2.4787135e+02   8.3978348e+01
   2.3893753e+02   1.5018440e+02
   2.4321626e+02   1.3795522e+02
   2.4792070e+02   1.2506641e+02
   2.5240167e+02   1.1241753e+02
   2.5713699e+02   9.9149536e+01
   2.6196320e+02   8.6216393e+01
   2.5272665e+02   1.5218268e+02
   2.5710944e+02   1.3979932e+02
   2.6191431e+02   1.2710988e+02
   2.6661920e+02   1.1423605e+02
   2.7105774e+02   1.0130441e+02
   2.7581937e+02   8.8148796e+01
   1.9833617e+02   2.1215590e+02
   2.0249718e+02   1.9764619e+02
   2.0659352e+02   1.8298675e+02
   2.1016025e+02   1.6798348e+02
   2.1408026e+02   1.5261198e+02
   2.1741818e+02   1.3669888e+02
   2.1132666e+02   2.0993002e+02
   2.1541916e+02   1.9575481e+02
   2.1936929e+02   1.8099245e+02
   2.2331345e+02   1.6601053e+02
   2.2714728e+02   1.5077702e+02
   2.3077989e+02   1.3519417e+02
   2.2394611e+02   2.0778804e+02
   2.2798779e+02   1.9366119e+02
   2.3202165e+02   1.7906743e+02
   2.3582762e+02   1.6416511e+02
   2.3981702e+02   1.4919679e+02
   2.4347195e+02   1.3346574e+02
   2.3591606e+02   2.0550093e+02
   2.4063478e+02   1.9167027e+02
   2.4419824e+02   1.7704889e+02
   2.4827632e+02   1.6232373e+02
   2.5191942e+02   1.4739786e+02
   2.5586858e+02   1.3216003e+02
   2.4819385e+02   2.0337639e+02
   2.5258311e+02   1.8961989e+02
   2.5655087e+02   1.7526608e+02
   2.6032730e+02   1.6063882e+02
   2.6407202e+02   1.4593582e+02
   2.6780545e+02   1.3053980e+02
   2.5999124e+02   2.0136627e+02
   2.6431986e+02   1.8773810e+02
   2.6809512e+02   1.7326611e+02
   2.7208768e+02   1.5887389e+02
   2.7580167e+02   1.4405685e+02
   2.7982428e+02   1.2910710e+02
   2.7198233e+02   1.9962445e+02
   2.7594946e+02   1.8567702e+02
   2.7978888e+02   1.7162610e+02
   2.8332819e+02   1.5702171e+02
   2.8739624e+02   1.4243755e+02
   2.9135425e+02   1.2766281e+02
   2.8302185e+02   1.9735788e+02
   2.8712824e+02   1.8361722e+02
   2.9097540e+02   1.6932663e+02
   2.9477252e+02   1.5537853e+02
   2.9880759e+02   1.4088461e+02
   3.0267090e+02   1.2615974e+02
   2.9401392e+02   1.9510011e+02
   2.9798758e+02   1.8167441e+02
   3.0179388e+02   1.6782500e+02
   3.0563770e+02   1.5354604e+02
   3.0965753e+02   1.3927228e+02
   3.1322492e+02   1.2479058e+02
