   8.9336902e+01   5.1582490e+02  -4.0131152e+02
   9.0866182e+01   5.0986364e+02  -4.5105917e+02
   9.2525652e+01   5.0361170e+02  -5.0048195e+02
   9.3357389e+01   4.9684274e+02  -5.4961762e+02
   9.4008077e+01   4.9055285e+02  -5.9902235e+02
   9.3480247e+01   4.8319489e+02  -6.4803036e+02
   1.0007319e+02   4.6780676e+02  -3.9378717e+02
   1.0191103e+02   4.6150842e+02  -4.4351421e+02
   1.0330922e+02   4.5536239e+02  -4.9296302e+02
   1.0430756e+02   4.4883101e+02  -5.4272274e+02
   1.0508629e+02   4.4203677e+02  -5.9216694e+02
   1.0501215e+02   4.3517004e+02  -6.4090607e+02
   1.1193521e+02   4.1980265e+02  -3.8697104e+02
   1.1423410e+02   4.1355106e+02  -4.3668527e+02
   1.1510131e+02   4.0707707e+02  -4.8567702e+02
   1.1556368e+02   4.0061345e+02  -5.3539067e+02
   1.1631285e+02   3.9384905e+02  -5.8503599e+02
   1.1655642e+02   3.8729949e+02  -6.3375788e+02
   1.2454665e+02   3.7177366e+02  -3.7988189e+02
   1.2514291e+02   3.6503897e+02  -4.2938457e+02
   1.2678816e+02   3.5814658e+02  -4.7922333e+02
   1.2691709e+02   3.5170741e+02  -5.2846314e+02
   1.2797211e+02   3.4533946e+02  -5.7755822e+02
   1.2792590e+02   3.3832553e+02  -6.2672110e+02
   1.3442483e+02   3.2277488e+02  -3.7304695e+02
   1.3671914e+02   3.1660919e+02  -4.2269630e+02
   1.3791928e+02   3.0983871e+02  -4.7176376e+02
   1.3805255e+02   3.0362293e+02  -5.2087961e+02
   1.3832374e+02   2.9699801e+02  -5.7045231e+02
   1.3882763e+02   2.9021060e+02  -6.1990895e+02
   1.4539851e+02   2.7428310e+02  -3.6599802e+02
   1.4788145e+02   2.6859839e+02  -4.1504489e+02
   1.4883101e+02   2.6162199e+02  -4.6465323e+02
   1.4963648e+02   2.5535660e+02  -5.1431052e+02
   1.4937713e+02   2.4851732e+02  -5.6300212e+02
   1.5026798e+02   2.4224715e+02  -6.1251075e+02
   1.5561827e+02   2.2564712e+02  -3.5818797e+02
   1.5822171e+02   2.2011219e+02  -4.0736119e+02
   1.5913624e+02   2.1349197e+02  -4.5715323e+02
   1.6052574e+02   2.0689394e+02  -5.0679103e+02
   1.6098838e+02   2.0070182e+02  -5.5584794e+02
   1.6135336e+02   1.9362655e+02  -6.0518123e+02
   1.6590972e+02   1.7759122e+02  -3.5060471e+02
   1.6901772e+02   1.7142003e+02  -4.0021953e+02
   1.7089948e+02   1.6509810e+02  -4.4988561e+02
   1.7096959e+02   1.5842146e+02  -4.9942003e+02
   1.7112838e+02   1.5212788e+02  -5.4846151e+02
   1.7088342e+02   1.4532392e+02  -5.9772916e+02
   1.7829350e+02   1.2979018e+02  -3.4346314e+02
   1.7952965e+02   1.2262769e+02  -3.9339096e+02
   1.8113649e+02   1.1681579e+02  -4.4305315e+02
   1.8079791e+02   1.0971620e+02  -4.9238113e+02
   1.8102653e+02   1.0342368e+02  -5.4159409e+02
   1.7956317e+02   9.6517530e+01  -5.9061063e+02
  -1.5403764e+02   5.6254681e+02  -3.2548663e+02
  -1.5598783e+02   5.5955239e+02  -3.7535372e+02
  -1.5851757e+02   5.5685826e+02  -4.2498935e+02
  -1.6112123e+02   5.5376762e+02  -4.7487970e+02
  -1.6306502e+02   5.5073715e+02  -5.2434389e+02
  -1.6620330e+02   5.4784728e+02  -5.7407123e+02
  -1.4515125e+02   5.1298288e+02  -3.2259882e+02
  -1.4721849e+02   5.1029002e+02  -3.7252758e+02
  -1.4892591e+02   5.0739363e+02  -4.2266304e+02
  -1.5121694e+02   5.0466742e+02  -4.7238522e+02
  -1.5413796e+02   5.0146866e+02  -5.2247359e+02
  -1.5766118e+02   4.9891098e+02  -5.7158793e+02
  -1.3689060e+02   4.6391976e+02  -3.2070773e+02
  -1.3864929e+02   4.6090272e+02  -3.7017393e+02
  -1.4128666e+02   4.5825441e+02  -4.1986017e+02
  -1.4346892e+02   4.5489890e+02  -4.7000360e+02
  -1.4569689e+02   4.5242764e+02  -5.1941586e+02
  -1.4736008e+02   4.4946568e+02  -5.6917754e+02
  -1.2777979e+02   4.1479410e+02  -3.1784252e+02
  -1.3022943e+02   4.1165152e+02  -3.6776025e+02
  -1.3253429e+02   4.0910211e+02  -4.1759012e+02
  -1.3473524e+02   4.0618208e+02  -4.6713951e+02
  -1.3655817e+02   4.0337717e+02  -5.1716520e+02
  -1.3823749e+02   4.0042032e+02  -5.6648907e+02
  -1.1733559e+02   3.6592856e+02  -3.1523202e+02
  -1.2133340e+02   3.6266276e+02  -3.6515126e+02
  -1.2369607e+02   3.5992060e+02  -4.1487636e+02
  -1.2569314e+02   3.5694236e+02  -4.6504764e+02
  -1.2803860e+02   3.5439875e+02  -5.1429221e+02
  -1.2975027e+02   3.5158218e+02  -5.6417671e+02
  -1.0680056e+02   3.1681677e+02  -3.1277792e+02
  -1.1029383e+02   3.1375898e+02  -3.6276600e+02
  -1.1412949e+02   3.1064315e+02  -4.1249212e+02
  -1.1645834e+02   3.0765870e+02  -4.6225724e+02
  -1.1847586e+02   3.0487926e+02  -5.1207456e+02
  -1.1932938e+02   3.0240811e+02  -5.6132364e+02
  -9.3907269e+01   2.6828112e+02  -3.1110735e+02
  -1.0012803e+02   2.6474778e+02  -3.6031295e+02
  -1.0418850e+02   2.6173419e+02  -4.1001103e+02
  -1.0671523e+02   2.5876924e+02  -4.5979768e+02
  -1.0734185e+02   2.5630693e+02  -5.0940255e+02
  -1.0905163e+02   2.5359535e+02  -5.5917502e+02
  -8.0252360e+01   2.2010666e+02  -3.0908969e+02
  -8.6262684e+01   2.1638294e+02  -3.5815155e+02
  -9.3309993e+01   2.1268334e+02  -4.0749189e+02
  -9.6798481e+01   2.0964371e+02  -4.5707701e+02
  -9.7890335e+01   2.0717872e+02  -5.0665911e+02
  -9.9039099e+01   2.0448209e+02  -5.5648706e+02
  -6.4243984e+01   1.7253626e+02  -3.0724563e+02
  -7.1970378e+01   1.6819970e+02  -3.5652180e+02
  -7.9007167e+01   1.6476908e+02  -4.0565257e+02
  -8.5895237e+01   1.6010042e+02  -4.5487075e+02
  -8.8791573e+01   1.5763232e+02  -5.0420377e+02
  -9.2869135e+01   1.5540926e+02  -5.5426240e+02
  -9.5866358e+01   5.4952218e+02  -4.0541634e+02
  -9.1867798e+01   5.4020535e+02  -4.5455055e+02
  -9.0614909e+01   5.3151677e+02  -5.0355320e+02
  -8.8616551e+01   5.2262293e+02  -5.5302143e+02
  -8.8649802e+01   5.1340698e+02  -6.0186213e+02
  -8.8267726e+01   5.0363610e+02  -6.5049308e+02
  -8.5311742e+01   5.0061824e+02  -3.9619314e+02
  -8.3902401e+01   4.9195454e+02  -4.4556672e+02
  -8.1054937e+01   4.8287873e+02  -4.9510262e+02
  -7.9268809e+01   4.7363443e+02  -5.4385309e+02
  -7.8079054e+01   4.6496542e+02  -5.9277242e+02
  -7.8038196e+01   4.5547273e+02  -6.4167069e+02
  -7.6442719e+01   4.5228929e+02  -3.8730997e+02
  -7.4383297e+01   4.4320547e+02  -4.3676325e+02
  -7.2066596e+01   4.3457539e+02  -4.8579588e+02
  -7.0231298e+01   4.2573882e+02  -5.3456884e+02
  -6.9282340e+01   4.1657984e+02  -5.8369420e+02
  -6.8842512e+01   4.0709291e+02  -6.3258209e+02
  -6.6905323e+01   4.0391845e+02  -3.7826831e+02
  -6.4224182e+01   3.9479266e+02  -4.2782932e+02
  -6.2448929e+01   3.8625821e+02  -4.7640367e+02
  -6.0864772e+01   3.7704907e+02  -5.2578690e+02
  -5.9429894e+01   3.6848489e+02  -5.7493435e+02
  -5.8979678e+01   3.5940409e+02  -6.2330966e+02
  -5.7678268e+01   3.5524731e+02  -3.6958697e+02
  -5.4702715e+01   3.4646273e+02  -4.1834778e+02
  -5.3591838e+01   3.3757100e+02  -4.6766512e+02
  -5.1974203e+01   3.2836650e+02  -5.1650093e+02
  -5.0343366e+01   3.1992230e+02  -5.6546450e+02
  -4.9383556e+01   3.1021095e+02  -6.1427806e+02
  -4.9938399e+01   3.0714152e+02  -3.6001084e+02
  -4.6528015e+01   2.9778307e+02  -4.0913863e+02
  -4.4908053e+01   2.8850941e+02  -4.5864685e+02
  -4.2348827e+01   2.7985098e+02  -5.0765952e+02
  -4.0807021e+01   2.7077385e+02  -5.5678455e+02
  -3.9385572e+01   2.6223242e+02  -6.0556003e+02
  -4.1742921e+01   2.5776784e+02  -3.5126851e+02
  -3.8234602e+01   2.4877580e+02  -4.0077611e+02
  -3.6577209e+01   2.4038991e+02  -4.4940252e+02
  -3.4129509e+01   2.3119752e+02  -4.9827765e+02
  -3.2523178e+01   2.2239148e+02  -5.4744904e+02
  -3.2598989e+01   2.1318591e+02  -5.9557468e+02
  -3.3545354e+01   2.0877981e+02  -3.4225958e+02
  -3.0308545e+01   2.0040742e+02  -3.9097370e+02
  -2.7891854e+01   1.9142962e+02  -4.4042726e+02
  -2.6394914e+01   1.8303129e+02  -4.8913982e+02
  -2.5734465e+01   1.7342111e+02  -5.3808197e+02
  -2.5912202e+01   1.6448670e+02  -5.8634333e+02
  -2.4324826e+01   1.6056337e+02  -3.3245862e+02
  -2.2709353e+01   1.5135981e+02  -3.8227501e+02
  -1.9898646e+01   1.4248587e+02  -4.3079213e+02
  -1.9481609e+01   1.3352954e+02  -4.7965305e+02
  -1.8627647e+01   1.2497044e+02  -5.2836832e+02
  -1.9944049e+01   1.1470565e+02  -5.7771210e+02
  -4.0673405e+02   5.3622439e+02  -5.8126041e+02
  -4.0806305e+02   5.2812882e+02  -5.3212938e+02
  -4.0803271e+02   5.1946941e+02  -4.8329994e+02
  -4.0851849e+02   5.1165581e+02  -4.3390502e+02
  -4.0732725e+02   5.0364965e+02  -3.8467187e+02
  -4.0615304e+02   4.9570866e+02  -3.3564104e+02
  -4.1474022e+02   5.8440988e+02  -5.7290410e+02
  -4.1608540e+02   5.7677466e+02  -5.2377910e+02
  -4.1618125e+02   5.6812707e+02  -4.7467115e+02
  -4.1529105e+02   5.5971151e+02  -4.2587326e+02
  -4.1486555e+02   5.5182532e+02  -3.7620459e+02
  -4.1319659e+02   5.4368781e+02  -3.2683030e+02
  -4.2286435e+02   6.3331816e+02  -5.6452169e+02
  -4.2341392e+02   6.2496086e+02  -5.1546846e+02
  -4.2358891e+02   6.1636387e+02  -4.6603860e+02
  -4.2311477e+02   6.0843125e+02  -4.1715995e+02
  -4.2180583e+02   6.0055651e+02  -3.6792070e+02
  -4.2030089e+02   5.9282030e+02  -3.1862972e+02
  -4.3024342e+02   6.8129527e+02  -5.5619219e+02
  -4.3068196e+02   6.7327345e+02  -5.0676722e+02
  -4.3117861e+02   6.6504169e+02  -4.5837878e+02
  -4.3015388e+02   6.5692074e+02  -4.0898373e+02
  -4.2841374e+02   6.4872165e+02  -3.5971434e+02
  -4.2689289e+02   6.4095043e+02  -3.1021414e+02
  -4.3790017e+02   7.2942084e+02  -5.4765421e+02
  -4.3796523e+02   7.2123477e+02  -4.9821250e+02
  -4.3816753e+02   7.1353940e+02  -4.4932650e+02
  -4.3766210e+02   7.0496815e+02  -4.0035099e+02
  -4.3596260e+02   6.9682699e+02  -3.5085989e+02
  -4.3395656e+02   6.8958843e+02  -3.0220367e+02
  -4.4505528e+02   7.7794900e+02  -5.3946696e+02
  -4.4514048e+02   7.6953365e+02  -4.9028549e+02
  -4.4531532e+02   7.6177293e+02  -4.4150407e+02
  -4.4447915e+02   7.5391684e+02  -3.9179544e+02
  -4.4276609e+02   7.4553253e+02  -3.4239580e+02
  -4.4139418e+02   7.3795112e+02  -2.9384870e+02
  -4.5144787e+02   8.2677619e+02  -5.3093230e+02
  -4.5248165e+02   8.1795461e+02  -4.8152735e+02
  -4.5230809e+02   8.1011040e+02  -4.3254810e+02
  -4.5257290e+02   8.0173954e+02  -3.8378209e+02
  -4.5061719e+02   7.9375830e+02  -3.3455131e+02
  -4.4848309e+02   7.8595244e+02  -2.8538291e+02
  -4.5796433e+02   8.7470391e+02  -5.2248325e+02
  -4.5784971e+02   8.6654640e+02  -4.7309225e+02
  -4.5917076e+02   8.5853929e+02  -4.2434083e+02
  -4.5898844e+02   8.5004094e+02  -3.7496756e+02
  -4.5770072e+02   8.4229249e+02  -3.2609412e+02
  -4.5615419e+02   8.3453668e+02  -2.7693738e+02
  -4.6240608e+02   9.2354440e+02  -5.1395007e+02
  -4.6375950e+02   9.1479116e+02  -4.6467628e+02
  -4.6440096e+02   9.0746440e+02  -4.1574549e+02
  -4.6508882e+02   8.9894619e+02  -3.6623854e+02
  -4.6505896e+02   8.9087371e+02  -3.1764855e+02
  -4.6454755e+02   8.8241321e+02  -2.6839419e+02
  -1.9168534e+02   5.5512454e+02  -1.8480329e+02
  -1.9199023e+02   5.5238188e+02  -2.3435633e+02
  -1.9255715e+02   5.4939868e+02  -2.8406419e+02
  -1.9269148e+02   5.4672605e+02  -3.3438363e+02
  -1.9493476e+02   5.4359074e+02  -3.8376617e+02
  -1.9858884e+02   5.4033469e+02  -4.3314494e+02
  -1.8681934e+02   5.0547956e+02  -1.8193119e+02
  -1.8684392e+02   5.0288189e+02  -2.3130598e+02
  -1.8731595e+02   5.0008428e+02  -2.8131539e+02
  -1.8766637e+02   4.9709884e+02  -3.3106304e+02
  -1.8890334e+02   4.9398453e+02  -3.8082960e+02
  -1.9136049e+02   4.9085214e+02  -4.3065158e+02
  -1.8255791e+02   4.5624369e+02  -1.7906785e+02
  -1.8280503e+02   4.5330059e+02  -2.2855610e+02
  -1.8298322e+02   4.5020298e+02  -2.7845921e+02
  -1.8278776e+02   4.4728712e+02  -3.2842438e+02
  -1.8317761e+02   4.4460560e+02  -3.7810524e+02
  -1.8536685e+02   4.4151173e+02  -4.2795117e+02
  -1.7771964e+02   4.0656405e+02  -1.7652532e+02
  -1.7825466e+02   4.0371266e+02  -2.2574202e+02
  -1.7864092e+02   4.0093584e+02  -2.7557202e+02
  -1.7829740e+02   3.9807828e+02  -3.2559219e+02
  -1.7847282e+02   3.9492000e+02  -3.7505981e+02
  -1.7895595e+02   3.9202605e+02  -4.2494039e+02
  -1.7182883e+02   3.5691909e+02  -1.7328699e+02
  -1.7249533e+02   3.5397712e+02  -2.2306369e+02
  -1.7324385e+02   3.5122597e+02  -2.7306784e+02
  -1.7341532e+02   3.4827536e+02  -3.2271096e+02
  -1.7372996e+02   3.4544336e+02  -3.7246133e+02
  -1.7412503e+02   3.4230127e+02  -4.2161504e+02
  -1.6590207e+02   3.0747802e+02  -1.7071854e+02
  -1.6636812e+02   3.0448092e+02  -2.2024628e+02
  -1.6690230e+02   3.0157557e+02  -2.7017134e+02
  -1.6717653e+02   2.9871476e+02  -3.1984298e+02
  -1.6811325e+02   2.9562329e+02  -3.6926166e+02
  -1.6903872e+02   2.9305253e+02  -4.1871165e+02
  -1.5750131e+02   2.5833727e+02  -1.6775460e+02
  -1.5851381e+02   2.5514731e+02  -2.1766445e+02
  -1.5884710e+02   2.5228475e+02  -2.6672314e+02
  -1.5991363e+02   2.4960192e+02  -3.1679333e+02
  -1.6025155e+02   2.4665579e+02  -3.6607141e+02
  -1.6111735e+02   2.4362840e+02  -4.1591238e+02
  -1.4836443e+02   2.0925319e+02  -1.6495932e+02
  -1.4881732e+02   2.0613905e+02  -2.1469456e+02
  -1.5013683e+02   2.0280851e+02  -2.6459388e+02
  -1.5022982e+02   2.0036712e+02  -3.1400909e+02
  -1.5122327e+02   1.9752282e+02  -3.6363933e+02
  -1.5203562e+02   1.9432671e+02  -4.1375410e+02
  -1.3785298e+02   1.6054899e+02  -1.6186922e+02
  -1.3926854e+02   1.5690244e+02  -2.1225127e+02
  -1.4014000e+02   1.5399640e+02  -2.6141907e+02
  -1.4205854e+02   1.5087384e+02  -3.1115690e+02
  -1.4278888e+02   1.4820168e+02  -3.6106038e+02
  -1.4407026e+02   1.4482336e+02  -4.1055544e+02
  -4.8154660e+02   6.6543606e+02  -2.5452773e+02
  -4.8057228e+02   6.6074954e+02  -3.0417653e+02
  -4.8061460e+02   6.5625573e+02  -3.5363605e+02
  -4.7992716e+02   6.5164761e+02  -4.0318363e+02
  -4.8128027e+02   6.4694924e+02  -4.5269907e+02
  -4.8292071e+02   6.4202752e+02  -5.0221642e+02
  -4.7668558e+02   6.1666905e+02  -2.5117327e+02
  -4.7603849e+02   6.1210795e+02  -3.0072795e+02
  -4.7499806e+02   6.0729944e+02  -3.5047294e+02
  -4.7515981e+02   6.0261890e+02  -3.9979200e+02
  -4.7467302e+02   5.9831608e+02  -4.4912346e+02
  -4.7681054e+02   5.9342581e+02  -4.9847625e+02
  -4.7288123e+02   5.6780817e+02  -2.4725076e+02
  -4.7227118e+02   5.6266547e+02  -2.9704349e+02
  -4.7113158e+02   5.5795976e+02  -3.4653993e+02
  -4.7004501e+02   5.5391422e+02  -3.9647132e+02
  -4.6898446e+02   5.4905962e+02  -4.4559832e+02
  -4.7003910e+02   5.4457946e+02  -4.9519911e+02
  -4.6892310e+02   5.1852650e+02  -2.4405058e+02
  -4.6749194e+02   5.1378162e+02  -2.9391469e+02
  -4.6618208e+02   5.0898325e+02  -3.4333382e+02
  -4.6564561e+02   5.0473616e+02  -3.9313901e+02
  -4.6482499e+02   5.0040270e+02  -4.4226255e+02
  -4.6414546e+02   4.9555004e+02  -4.9180824e+02
  -4.6263394e+02   4.6974841e+02  -2.4020562e+02
  -4.6263845e+02   4.6492070e+02  -2.8986030e+02
  -4.6179266e+02   4.6009753e+02  -3.3946979e+02
  -4.6140924e+02   4.5580263e+02  -3.8895724e+02
  -4.6096697e+02   4.5106969e+02  -4.3831998e+02
  -4.5971395e+02   4.4643188e+02  -4.8839084e+02
  -4.5764853e+02   4.2059313e+02  -2.3685237e+02
  -4.5669957e+02   4.1589283e+02  -2.8619430e+02
  -4.5633403e+02   4.1112804e+02  -3.3586112e+02
  -4.5577565e+02   4.0690714e+02  -3.8575375e+02
  -4.5536819e+02   4.0190709e+02  -4.3545558e+02
  -4.5489384e+02   3.9739125e+02  -4.8451882e+02
  -4.5029047e+02   3.7197623e+02  -2.3319716e+02
  -4.5027774e+02   3.6759285e+02  -2.8306281e+02
  -4.4933848e+02   3.6254387e+02  -3.3217448e+02
  -4.4949289e+02   3.5783940e+02  -3.8193972e+02
  -4.4937899e+02   3.5333236e+02  -4.3160540e+02
  -4.4831048e+02   3.4858084e+02  -4.8119958e+02
  -4.4314612e+02   3.2318737e+02  -2.2971833e+02
  -4.4277724e+02   3.1845512e+02  -2.7888140e+02
  -4.4279368e+02   3.1381303e+02  -3.2892664e+02
  -4.4184371e+02   3.0940148e+02  -3.7827161e+02
  -4.4167189e+02   3.0469311e+02  -4.2795800e+02
  -4.4098109e+02   2.9976136e+02  -4.7728688e+02
  -4.3475766e+02   2.7432399e+02  -2.2588399e+02
  -4.3465735e+02   2.6971102e+02  -2.7531497e+02
  -4.3445300e+02   2.6469021e+02  -3.2506112e+02
  -4.3477838e+02   2.5991571e+02  -3.7455745e+02
  -4.3418109e+02   2.5584734e+02  -4.2453564e+02
  -4.3489733e+02   2.5066723e+02  -4.7367328e+02
  -9.8245786e+01   6.1650996e+02  -2.3197363e+02
  -9.7363906e+01   6.1387500e+02  -2.8185614e+02
  -9.6647840e+01   6.1138295e+02  -3.3137738e+02
  -9.7022132e+01   6.0975206e+02  -3.8112815e+02
  -9.7936526e+01   6.0752999e+02  -4.3084258e+02
  -1.0080817e+02   6.0585501e+02  -4.8058095e+02
  -1.1135702e+02   5.6839349e+02  -2.2969176e+02
  -1.1052105e+02   5.6589998e+02  -2.7906295e+02
  -1.1015904e+02   5.6351332e+02  -3.2885734e+02
  -1.1051382e+02   5.6159229e+02  -3.7889954e+02
  -1.1162625e+02   5.5946477e+02  -4.2866699e+02
  -1.1374950e+02   5.5769971e+02  -4.7829197e+02
  -1.2546940e+02   5.2057197e+02  -2.2693743e+02
  -1.2395453e+02   5.1787221e+02  -2.7637875e+02
  -1.2377577e+02   5.1531011e+02  -3.2672464e+02
  -1.2503518e+02   5.1361570e+02  -3.7636847e+02
  -1.2530783e+02   5.1154527e+02  -4.2584258e+02
  -1.2774099e+02   5.0992223e+02  -4.7598504e+02
  -1.3980164e+02   4.7255079e+02  -2.2396375e+02
  -1.3731561e+02   4.6964742e+02  -2.7427705e+02
  -1.3745502e+02   4.6744527e+02  -3.2423384e+02
  -1.3833428e+02   4.6549382e+02  -3.7363622e+02
  -1.3977184e+02   4.6358854e+02  -4.2343685e+02
  -1.4115180e+02   4.6191138e+02  -4.7323568e+02
  -1.5332129e+02   4.2395343e+02  -2.2178091e+02
  -1.5139074e+02   4.2129117e+02  -2.7162728e+02
  -1.5121567e+02   4.1948965e+02  -3.2151527e+02
  -1.5278158e+02   4.1740894e+02  -3.7126868e+02
  -1.5370372e+02   4.1582390e+02  -4.2094678e+02
  -1.5600417e+02   4.1396408e+02  -4.7043241e+02
  -1.6657543e+02   3.7602535e+02  -2.1921329e+02
  -1.6466954e+02   3.7371770e+02  -2.6893190e+02
  -1.6535115e+02   3.7150319e+02  -3.1888915e+02
  -1.6628674e+02   3.6958014e+02  -3.6881639e+02
  -1.6821692e+02   3.6786473e+02  -4.1810776e+02
  -1.6967966e+02   3.6607696e+02  -4.6830059e+02
  -1.7875592e+02   3.2745387e+02  -2.1654372e+02
  -1.7900351e+02   3.2561672e+02  -2.6654293e+02
  -1.7913153e+02   3.2348084e+02  -3.1627554e+02
  -1.8152816e+02   3.2206626e+02  -3.6614389e+02
  -1.8218607e+02   3.1984840e+02  -4.1609463e+02
  -1.8372968e+02   3.1806109e+02  -4.6592471e+02
  -1.9417201e+02   2.7976723e+02  -2.1430258e+02
  -1.9319537e+02   2.7761600e+02  -2.6367959e+02
  -1.9474507e+02   2.7542297e+02  -3.1377830e+02
  -1.9511661e+02   2.7372752e+02  -3.6342667e+02
  -1.9584138e+02   2.7187881e+02  -4.1347903e+02
  -1.9793864e+02   2.7005722e+02  -4.6299976e+02
  -2.0786304e+02   2.3204315e+02  -2.1181175e+02
  -2.0801399e+02   2.2968732e+02  -2.6099503e+02
  -2.0886231e+02   2.2786463e+02  -3.1110152e+02
  -2.1031309e+02   2.2601503e+02  -3.6089371e+02
  -2.1099527e+02   2.2436447e+02  -4.1072309e+02
  -2.1339185e+02   2.2285710e+02  -4.6066028e+02
